# Glyph name	TT hints
A	1,(303,656),4;2,(33,0),0;2,(388,0),0;14,(332,591),(33,0),(303,656),-1;14,(138,205),(33,0),(303,656),0;4,(138,205),(169,265),0,-1
B	1,(166,656),4;2,(35,0),0;14,(292,317),(166,656),(35,0),0;14,(397,343),(292,317),(281,374),-1;4,(166,656),(231,595),1,-1;4,(292,317),(187,374),0,-1;4,(35,0),(124,61),1,-1
C	1,(396,668),4;2,(290,-12),0;4,(396,668),(392,601),1,-1;4,(290,-12),(304,55),1,-1
D	1,(166,656),4;2,(35,0),0;4,(35,0),(211,64),1,-1;4,(166,656),(285,593),1,-1
E	1,(166,656),4;2,(35,0),0;4,(166,656),(230,591),1,-1;14,(176,312),(166,656),(35,0),0;4,(176,312),(429,378),0,-1;4,(35,0),(125,66),1,-1
F	1,(166,656),4;2,(35,0),0;4,(166,656),(230,591),1,-1;14,(173,297),(166,656),(35,0),0;4,(173,297),(426,363),0,-1
G	1,(406,668),4;2,(300,-12),0;4,(406,668),(402,601),1,-1;4,(300,-12),(311,54),1,-1;14,(543,339),(406,668),(300,-12),0;4,(543,339),(324,275),0,-1
H	1,(166,656),4;2,(35,0),0;14,(175,312),(166,656),(35,0),0;4,(175,312),(484,379),0,-1;4,(166,656),(540,656),-1,-1;4,(35,0),(408,0),-1,-1
I	1,(166,656),4;2,(35,0),0
J	1,(378,656),4;2,(159,-12),0;4,(159,-12),(161,55),1,-1
K	1,(166,656),4;2,(35,0),0;2,(421,0),0;14,(179,332),(166,656),(35,0),-1;4,(166,656),(511,656),-1,-1;14,(353,404),(511,656),(421,0),-1;14,(295,354),(511,656),(421,0),-1
L	1,(166,656),4;2,(35,0),0;4,(35,0),(126,66),1,-1
M	1,(166,656),4;2,(35,0),0;4,(166,656),(607,656),-1,-1;4,(35,0),(494,0),-1,-1;14,(338,166),(607,656),(494,0),-1;14,(617,563),(494,0),(607,656),-1;14,(297,69),(35,0),(166,656),-1;14,(210,563),(166,656),(35,0),-1
N	1,(166,656),4;2,(35,0),0;4,(35,0),(406,0),-1,-1;4,(166,656),(539,656),-1,-1;14,(440,99),(406,0),(539,656),-1;14,(211,560),(166,656),(35,0),-1
O	1,(379,668),4;2,(287,-12),0;4,(287,-12),(291,55),1,-1;4,(379,668),(375,601),1,-1
P	1,(166,656),4;2,(35,0),0;14,(165,264),(166,656),(35,0),0;4,(165,264),(273,327),0,-1;4,(166,656),(231,594),1,-1
Q	1,(379,668),4;2,(230,-6),0;4,(230,-6),(291,55),1,-1;4,(379,668),(375,601),1,-1;4,(230,-6),(464,-97),-2,-1;4,(464,-97),(459,-162),1,-1;4,(230,-6),(310,-11),-1,-1
R	1,(166,656),4;2,(35,0),0;14,(280,341),(166,656),(35,0),0;4,(166,656),(327,594),1,-1;14,(358,285),(280,341),(282,278),-1;4,(35,0),(390,0),-1,-1;4,(280,341),(168,278),0,-1
S	1,(324,668),4;2,(231,-12),0;4,(231,-12),(238,54),1,-1;14,(297,286),(324,668),(231,-12),-1;4,(324,668),(318,601),1,-1;14,(284,388),(231,-12),(324,668),-1
T	1,(106,656),4;2,(166,0),0;4,(106,656),(283,589),1,-1;4,(283,589),(361,589),-1,-1
U	1,(163,656),4;2,(286,-12),0;4,(286,-12),(290,55),1,-1;4,(163,656),(538,656),-1,-1
V	1,(82,656),4;2,(141,0),0;14,(204,76),(82,656),(141,0),-1;4,(82,656),(493,656),-1,-1
W	1,(104,656),4;2,(95,0),0;14,(164,82),(104,656),(95,0),-1;4,(104,656),(425,656),-1,-1;4,(425,656),(735,656),-1,-1;4,(95,0),(443,0),-1,-1;14,(506,82),(735,656),(443,0),-1;14,(435,555),(95,0),(425,656),-1
X	1,(108,656),4;2,(-36,0),0;2,(342,0),0;14,(275,390),(108,656),(-36,0),-1;4,(108,656),(464,656),-1,-1;14,(251,286),(342,0),(464,656),-1
Y	1,(83,656),4;2,(139,0),0;14,(241,325),(83,656),(139,0),-1;4,(83,656),(459,656),-1,-1
Z	1,(148,656),4;2,(425,0),0;4,(425,0),(109,66),1,-1;4,(109,66),(9,47),-1,-1;4,(148,656),(434,591),1,-1;4,(434,591),(531,610),-1,-1
a	1,(302,498),0;2,(179,-12),0;14,(423,425),(302,498),(179,-12),-1;4,(302,498),(504,486),-1,0;4,(179,-12),(407,0),-1,0;14,(352,72),(179,-12),(302,498),-1;4,(179,-12),(207,52),0,-1;4,(352,72),(360,145),1,-1;4,(423,425),(404,362),0,-1;4,(302,498),(305,434),0,-1
b	1,(173,712),5;1,(356,498),0;2,(234,-12),0;4,(234,-12),(31,0),-1,0;14,(189,426),(356,498),(234,-12),-1;14,(114,61),(234,-12),(356,498),-1;4,(356,498),(328,434),0,-1;4,(189,426),(178,355),0,-1;4,(114,61),(132,124),0,-1;4,(234,-12),(231,52),0,-1
c	1,(308,498),0;2,(216,-12),0;4,(308,498),(303,435),0,-1;4,(216,-12),(230,52),0,-1
d	1,(474,712),5;1,(302,498),0;2,(179,-12),0;4,(179,-12),(407,0),-1,0;14,(352,72),(179,-12),(302,498),-1;14,(420,427),(302,498),(179,-12),-1;4,(179,-12),(207,52),0,-1;4,(352,72),(360,145),1,-1;4,(420,427),(404,362),0,-1;4,(302,498),(305,434),0,-1
e	1,(297,498),0;2,(228,-12),0;14,(114,227),(297,498),(228,-12),0;4,(228,-12),(246,49),0,-1;4,(114,227),(377,279),0,-1;4,(297,498),(288,437),0,-1
f	1,(311,724),5;1,(141,486),0;2,(43,0),0;4,(311,724),(316,662),0,-1;4,(141,486),(315,486),-1,-1;4,(141,486),(128,424),0,-1;4,(128,424),(303,424),-1,-1
g	1,(296,498),0;2,(168,-224),1;4,(168,-224),(171,-162),0,-1;4,(171,-162),(180,5),-2,-1;14,(349,87),(180,5),(296,498),-1;14,(416,425),(296,498),(180,5),-1;4,(296,498),(498,486),-1,0;4,(180,5),(205,69),0,-1;4,(349,87),(355,154),0,-1;4,(416,425),(398,362),0,-1;4,(296,498),(299,434),0,-1
h	1,(173,712),5;1,(357,498),0;2,(402,0),0;2,(107,0),0;14,(190,416),(402,0),(173,712),-1;4,(357,498),(322,432),0,-1;4,(190,416),(176,344),0,-1
i	1,(128,486),0;2,(31,0),0;4,(128,486),(193,587),-1,0;4,(193,587),(202,690),-1,-1
j	1,(129,486),0;2,(-49,-217),1;4,(-49,-217),(-53,-154),0,-1;4,(129,486),(193,587),-1,0;4,(193,587),(203,690),-1,-1
k	1,(405,486),0;1,(173,712),5;2,(31,0),0;2,(338,0),0;14,(154,229),(173,712),(31,0),-1;14,(299,283),(405,486),(338,0),-1;14,(245,237),(173,712),(338,0),-1
l	1,(173,712),5;2,(109,-12),0;4,(109,-12),(140,52),0,-1
m	1,(347,498),0;2,(107,0),0;4,(347,498),(127,486),-1,0;4,(107,0),(391,0),-1,-1;14,(183,413),(347,498),(391,0),-1;4,(347,498),(631,498),-1,-1;14,(459,403),(631,498),(599,0),-1;4,(391,0),(676,0),-1,-1;4,(347,498),(313,432),0,-1;4,(313,432),(597,432),-1,-1;4,(459,403),(460,344),0,-1;4,(183,413),(176,344),0,-1
n	1,(357,498),0;2,(107,0),0;4,(357,498),(127,486),-1,0;4,(107,0),(402,0),-1,-1;14,(187,413),(402,0),(357,498),-1;4,(357,498),(322,432),0,-1;4,(187,413),(176,344),0,-1
o	1,(301,498),0;2,(212,-12),0;4,(212,-12),(220,52),0,-1;4,(301,498),(293,435),0,-1
p	1,(356,498),0;2,(-10,-205),1;2,(234,-12),0;4,(356,498),(128,486),-1,0;14,(185,422),(356,498),(234,-12),-1;14,(117,58),(234,-12),(356,498),-1;4,(356,498),(328,434),0,-1;4,(185,422),(178,354),0,-1;4,(117,58),(132,122),0,-1;4,(234,-12),(231,52),0,-1
q	1,(302,498),0;2,(289,-205),1;2,(179,-12),0;14,(352,73),(179,-12),(302,498),-1;14,(423,425),(302,498),(179,-12),-1;4,(302,498),(504,486),-1,0;4,(179,-12),(207,52),0,-1;4,(352,73),(360,145),0,-1;4,(423,425),(404,362),0,-1;4,(302,498),(305,434),0,-1
r	1,(334,498),0;2,(31,0),0;4,(334,498),(127,486),-1,0;14,(179,393),(334,498),(31,0),-1;4,(334,498),(311,429),-2,-1;4,(179,393),(168,307),1,-1
s	1,(239,498),0;2,(163,-12),0;4,(163,-12),(169,47),0,-1;14,(183,220),(239,498),(163,-12),-1;4,(239,498),(237,438),0,-1;4,(183,220),(231,276),0,-1
t	1,(147,486),0;2,(185,-12),0;4,(147,486),(131,424),0,-1;4,(147,486),(344,486),-1,-1;4,(131,424),(332,424),-1,-1;4,(185,-12),(209,50),0,-1
u	1,(203,486),0;2,(171,-12),0;4,(171,-12),(398,0),-1,0;14,(343,74),(203,486),(171,-12),-1;4,(171,-12),(206,54),0,-1;4,(343,74),(350,142),0,-1;4,(203,486),(495,486),-1,-1
v	1,(59,486),0;1,(404,486),0;2,(130,0),0;14,(185,60),(59,486),(130,0),-1
w	1,(70,486),0;2,(105,0),0;14,(165,64),(70,486),(105,0),-1;4,(70,486),(355,486),-1,-1;4,(355,486),(639,486),-1,-1;4,(105,0),(395,0),-1,-1;14,(452,64),(639,486),(395,0),-1;14,(374,409),(105,0),(70,486),-1
x	1,(83,486),0;2,(-44,0),0;4,(83,486),(383,486),-1,-1;4,(-44,0),(286,0),-1,-1;14,(232,296),(383,486),(286,0),-1;14,(203,204),(83,486),(-44,0),-1;14,(174,258),(232,296),(203,204),-1;14,(266,241),(203,204),(232,296),-1
y	1,(137,486),0;2,(-6,-209),1;4,(-6,-209),(-1,-147),0,-1;14,(191,68),(137,486),(-6,-209),-1;4,(191,68),(144,-1),0,-1;4,(137,486),(483,486),-1,-1
z	1,(113,486),0;2,(341,0),0;4,(341,0),(99,62),0,-1;4,(99,62),(-2,44),-1,-1;4,(113,486),(321,424),0,-1;4,(321,424),(422,441),-1,-1
Aogonek	1,(303,656),4;2,(-53,0),0;6,(384,-211),(407,-157),-1;14,(364,265),(303,656),(-53,0),0;4,(-53,0),(388,0),-1,-1;4,(388,0),(469,0),-1,-1;14,(332,591),(303,656),(469,0),-1;4,(364,265),(138,205),0,-1
AE	1,(426,656),4;2,(-33,0),0;14,(465,597),(426,656),(-33,0),-1;14,(397,256),(426,656),(-33,0),0;4,(-33,0),(346,0),-1,-1;14,(715,312),(426,656),(346,0),0;4,(715,312),(499,378),0,-1;4,(346,0),(718,66),1,-1;4,(397,256),(187,194),0,-1;4,(426,656),(814,591),1,-1
Eogonek	1,(166,656),4;2,(35,0),0;6,(306,-211),(330,-157),-1;4,(166,656),(515,591),1,-1;14,(415,312),(166,656),(35,0),0;4,(415,312),(188,378),0,-1;4,(35,0),(419,66),1,-1;4,(35,0),(405,0),-1,-1
Hbar	1,(175,656),4;2,(44,0),0;4,(175,656),(549,656),-1,-1;4,(549,656),(229,537),-2,-1;4,(229,537),(516,493),0,-1;4,(516,493),(197,379),-2,-1;4,(516,493),(677,493),-1,-1;4,(44,0),(417,0),-1,-1;4,(197,379),(480,312),0,-1;4,(516,493),(142,493),-1,-1;4,(229,537),(151,537),-1,-1;4,(229,537),(686,537),-1,-1
Iogonek	1,(166,656),4;2,(35,0),0;6,(37,-211),(62,-157),-1;4,(35,0),(113,0),-1,-1
Lslash	1,(166,656),4;2,(389,0),0;4,(389,0),(402,66),1,-1;14,(82,237),(389,0),(166,656),-1;4,(82,237),(11,202),-2,-1;4,(82,237),(96,305),-2,-1;14,(182,344),(389,0),(166,656),-1;4,(182,344),(362,433),-2,-1;4,(182,344),(168,277),-2,-1
Oslash	1,(379,668),4;2,(287,-12),0;14,(121,60),(287,-12),(379,668),-1;4,(121,60),(174,117),-2,-1;4,(287,-12),(291,55),0,-1;14,(548,592),(379,668),(287,-12),-1;4,(548,592),(576,548),-2,-1;4,(576,548),(516,483),-2,-1;4,(548,592),(495,535),-2,-1;4,(379,668),(375,601),0,-1;4,(121,60),(92,106),-2,-1;4,(92,106),(151,169),-2,-1
OE	1,(415,656),4;2,(338,0),0;4,(415,656),(827,591),1,-1;14,(728,312),(415,656),(338,0),0;4,(728,312),(519,378),0,-1;4,(338,0),(732,66),1,-1;4,(827,591),(415,593),-1,-1;4,(732,66),(341,64),-1,-1
Ohorn	1,(379,668),4;2,(287,-12),0;4,(287,-12),(291,55),0,-1;4,(379,668),(375,601),0,-1;4,(379,668),(647,798),-2,-1;14,(536,606),(379,668),(375,601),-1
Oogonek	1,(379,668),4;2,(263,-11),0;6,(257,-211),(280,-157),-1;4,(263,-11),(357,-3),-1,-1;4,(263,-11),(291,55),0,-1;4,(379,668),(375,601),0,-1
Germandbls	1,(384,672),4;2,(391,-12),0;4,(391,-12),(388,52),0,-1;14,(344,318),(384,672),(391,-12),-1;4,(344,318),(350,367),0,-1;4,(384,672),(379,608),0,-1;4,(391,-12),(35,0),-1,0;14,(428,358),(344,318),(350,367),-1
Uogonek	1,(163,656),4;2,(249,-10),0;6,(243,-211),(266,-157),-1;4,(249,-10),(339,-7),-1,-1;4,(249,-10),(290,55),1,-1;4,(163,656),(538,656),-1,-1
Uhorn	1,(163,656),4;2,(286,-12),0;4,(163,656),(538,656),-1,-1;4,(538,656),(728,808),-2,-1;4,(286,-12),(290,55),0,-1
Eth	1,(184,656),4;2,(53,0),0;4,(53,0),(229,64),1,-1;4,(184,656),(303,593),1,-1;14,(344,324),(184,656),(53,0),-1;4,(344,324),(204,368),0,-1;4,(344,324),(118,324),-1,-1;4,(204,368),(126,368),-1,-1
Thorn	1,(166,660),4;2,(35,0),0;6,(221,545),(208,482),1;6,(142,152),(156,215),1
Schwa	1,(390,672),4;2,(278,-12),0;4,(278,-12),(283,54),0,-1;14,(521,286),(390,672),(278,-12),0;4,(521,286),(79,345),0,-1;4,(390,672),(382,606),0,-1
aogonek	1,(302,498),0;2,(179,-12),0;6,(311,-206),(333,-155),-1;4,(179,-12),(407,0),-1,0;4,(407,0),(345,6),-1,-1;14,(352,73),(179,-12),(302,498),-1;14,(423,423),(302,498),(179,-12),-1;4,(302,498),(504,486),-1,0;4,(179,-12),(207,52),0,-1;4,(352,73),(360,145),0,-1;4,(423,423),(404,363),0,-1;4,(302,498),(305,434),0,-1
ae	1,(287,498),0;1,(577,498),0;2,(157,-12),0;2,(511,-12),0;14,(350,301),(287,498),(157,-12),0;4,(287,498),(271,436),0,-1;14,(410,403),(511,-12),(577,498),-1;14,(710,227),(511,-12),(577,498),0;4,(511,-12),(526,49),0,-1;14,(358,84),(287,498),(157,-12),-1;4,(577,498),(568,437),0,-1;4,(710,227),(415,279),0,-1;4,(350,301),(340,250),0,-1;4,(157,-12),(185,49),0,-1
dcroat	1,(474,712),5;2,(179,-12),0;4,(474,712),(532,617),-2,-1;4,(532,617),(446,572),0,-1;4,(446,572),(300,478),-2,-1;14,(416,407),(300,478),(179,-12),-1;4,(416,407),(400,342),0,-1;4,(300,478),(303,414),0,-1;4,(179,-12),(207,52),0,-1;14,(352,72),(179,-12),(300,478),-1;4,(352,72),(360,145),1,-1;4,(446,572),(523,572),-1,-1;4,(532,617),(299,617),-1,-1
eogonek	1,(297,498),0;2,(228,-12),0;6,(253,-206),(276,-155),-1;14,(430,227),(297,498),(228,-12),0;4,(228,-12),(246,49),0,-1;4,(297,498),(288,437),0,-1;4,(430,227),(122,279),0,-1
hbar	1,(173,712),5;2,(31,0),0;4,(173,712),(154,617),-2,-1;4,(154,617),(145,572),0,-1;4,(145,572),(353,478),-2,-1;4,(31,0),(326,0),-1,-1;4,(353,478),(318,412),0,-1;14,(182,396),(353,478),(31,0),-1;4,(182,396),(172,324),0,-1;4,(154,617),(406,617),-1,-1;4,(145,572),(396,572),-1,-1
iogonek	1,(128,486),0;2,(31,0),0;6,(33,-206),(56,-155),-1;4,(31,0),(107,0),-1,-1;4,(128,486),(193,587),-1,-1;4,(193,587),(202,690),-1,-1
iogonek.d	1,(128,486),0;2,(31,0),0;6,(33,-206),(56,-155),-1;4,(31,0),(107,0),-1,-1
dotlessi	1,(128,486),0;2,(107,0),0
kgreenlandic	1,(127,486),0;2,(31,0),0;14,(154,229),(127,486),(31,0),-1;4,(127,486),(405,486),-1,-1;4,(31,0),(338,0),-1,-1;14,(299,283),(127,486),(338,0),-1;14,(245,237),(31,0),(127,486),-1
lslash	1,(177,712),5;2,(113,-12),0;4,(113,-12),(144,52),0,-1;14,(102,337),(177,712),(113,-12),-1;4,(102,337),(44,303),-2,-1;4,(102,337),(115,402),-2,-1;14,(200,441),(113,-12),(177,712),-1;4,(200,441),(266,481),-2,-1;4,(200,441),(186,375),-2,-1
oslash	1,(301,498),0;2,(212,-12),0;14,(88,38),(212,-12),(301,498),-1;4,(88,38),(137,88),-2,-1;4,(212,-12),(218,50),0,-1;14,(428,445),(301,498),(212,-12),-1;4,(428,445),(452,411),-2,-1;4,(452,411),(396,353),-2,-1;4,(428,445),(378,394),-2,-1;4,(301,498),(295,436),0,-1;4,(88,38),(64,71),-2,-1;4,(64,71),(119,128),-2,-1
oe	1,(297,498),0;1,(628,498),0;2,(208,-12),0;2,(559,-12),0;14,(447,372),(559,-12),(628,498),-1;14,(761,227),(628,498),(559,-12),0;4,(559,-12),(578,49),0,-1;14,(407,121),(297,498),(208,-12),-1;4,(208,-12),(220,52),0,-1;4,(297,498),(290,435),0,-1;4,(628,498),(620,437),0,-1;4,(761,227),(469,279),0,-1
ohorn	1,(301,498),0;2,(212,-12),0;4,(212,-12),(220,52),0,-1;4,(301,498),(293,435),0,-1;4,(301,498),(542,644),-2,-1;14,(431,441),(301,498),(293,435),-1
ohorntilde	1,(301,498),0;2,(212,-12),0;4,(301,498),(374,577),-2,-1;4,(374,577),(378,636),-2,-1;4,(378,636),(247,662),-1,-1;4,(374,577),(189,582),-1,-1;4,(247,662),(251,721),-2,-1;4,(251,721),(436,716),-1,-1;4,(212,-12),(220,52),0,-1;4,(301,498),(293,435),0,-1;4,(301,498),(542,644),-2,-1;14,(431,441),(301,498),(293,435),-1
oogonek	1,(301,498),0;2,(193,-10),0;6,(185,-206),(207,-155),-1;4,(193,-10),(274,-5),-1,-1;4,(193,-10),(220,52),0,-1;4,(301,498),(293,435),0,-1
germandbls	1,(346,724),5;2,(339,-12),0;4,(339,-12),(339,48),0,-1;4,(346,724),(343,662),0,-1;4,(339,-12),(31,0),-1,0
uogonek	1,(126,486),0;2,(171,-12),0;6,(302,-206),(325,-155),-1;14,(343,74),(126,486),(171,-12),-1;4,(171,-12),(206,54),0,-1;4,(343,74),(350,142),0,-1;4,(126,486),(419,486),-1,-1;4,(171,-12),(398,0),-1,0
uhorn	1,(126,486),0;2,(171,-12),0;4,(126,486),(419,486),-1,-1;4,(419,486),(592,654),-2,-1;4,(171,-12),(398,0),-1,0;14,(343,74),(126,486),(171,-12),-1;4,(171,-12),(206,54),0,-1;4,(343,74),(350,142),0,-1
eth	1,(247,730),5;2,(216,-12),0;4,(216,-12),(225,52),0,-1;4,(247,730),(306,605),-2,-1;4,(306,605),(334,569),-2,-1;4,(334,569),(187,508),-2,-1;4,(187,508),(274,447),-2,-1;14,(395,376),(274,447),(216,-12),-1;4,(395,376),(395,309),0,-1;4,(274,447),(281,386),0,-1;4,(334,569),(397,595),-2,-1;4,(306,605),(369,631),-2,-1
thorn	1,(173,712),5;1,(356,498),0;2,(-10,-205),1;2,(234,-12),0;14,(189,426),(356,498),(234,-12),-1;14,(115,58),(234,-12),(356,498),-1;4,(234,-12),(231,52),0,-1;4,(356,498),(328,434),0,-1;4,(189,426),(178,355),0,-1;4,(115,58),(132,122),0,-1
dotlessj	1,(129,486),0;2,(-49,-217),1;4,(-49,-217),(-53,-154),0,-1
schwa	1,(266,498),0;2,(178,-12),0;14,(47,265),(266,498),(178,-12),0;4,(266,498),(250,438),0,-1;4,(178,-12),(187,49),0,-1;4,(47,265),(354,213),0,-1
f_f	1,(141,486),0;1,(315,714),5;2,(43,0),0;4,(315,714),(581,724),-1,0;4,(315,714),(321,652),0,-1;4,(321,652),(587,662),-1,0;4,(141,486),(411,486),-1,-1;4,(411,486),(586,486),-1,-1;4,(141,486),(128,424),0,-1;4,(128,424),(398,424),-1,-1;4,(398,424),(573,424),-1,-1;4,(43,0),(313,0),-1,-1
f_t	1,(141,486),0;1,(311,724),5;2,(422,-12),0;4,(422,-12),(446,50),0,-1;4,(141,486),(128,424),0,-1;4,(128,424),(368,424),-1,-1;4,(422,-12),(43,0),-1,0;4,(311,724),(316,662),0,-1;4,(141,486),(384,486),-1,-1;4,(384,486),(581,486),-1,-1;4,(368,424),(569,424),-1,-1
I.alt	1,(125,656),4;2,(-7,0),0;4,(-7,0),(7,66),0,-1;4,(125,656),(111,591),0,-1;4,(111,591),(349,591),-1,-1;4,(7,66),(244,66),-1,-1
Iogonek.alt	1,(125,656),4;2,(-7,0),0;6,(75,-211),(100,-157),-1;4,(-7,0),(7,66),0,-1;4,(125,656),(111,591),0,-1;4,(111,591),(349,591),-1,-1;4,(7,66),(244,66),-1,-1;4,(-7,0),(230,0),-1,-1
a.alt	1,(287,498),0;2,(153,-12),0;14,(355,301),(287,498),(153,-12),0;4,(287,498),(273,436),0,-1;4,(153,-12),(372,0),-1,0;14,(314,57),(287,498),(153,-12),-1;4,(355,301),(346,250),0,-1;4,(153,-12),(185,49),0,-1;4,(314,57),(319,115),0,-1
aogonek.alt	1,(287,498),0;2,(153,-12),0;6,(276,-206),(298,-155),-1;14,(355,301),(287,498),(153,-12),0;4,(287,498),(273,436),0,-1;4,(153,-12),(372,0),-1,0;4,(372,0),(311,6),-1,-1;4,(355,301),(346,250),0,-1;4,(153,-12),(185,49),0,-1
g.alt	1,(281,498),0;2,(163,-224),1;14,(230,53),(281,498),(163,-224),0;4,(230,53),(203,-8),0,-1;14,(102,27),(230,53),(203,-8),-1;14,(220,154),(281,498),(163,-224),0;4,(220,154),(228,206),0,-1;14,(129,186),(228,206),(220,154),-1;4,(281,498),(506,486),-1,0;4,(281,498),(277,442),0,-1;4,(277,442),(494,426),-1,0;4,(163,-224),(170,-171),0,-1
lslash.alt	1,(177,712),5;2,(111,0),0;14,(200,441),(111,0),(177,712),-1;4,(200,441),(186,375),0,-1;14,(102,337),(111,0),(177,712),-1;4,(102,337),(44,303),-2,-1;4,(102,337),(115,401),0,-1;4,(200,441),(266,481),-2,-1
ampersand	1,(335,668),4;2,(180,-12),0;4,(180,-12),(194,49),0,-1;4,(180,-12),(495,-12),-1,-1;14,(580,352),(495,-12),(335,668),-1;14,(382,151),(580,352),(180,-12),-1;14,(372,61),(180,-12),(580,352),-1;14,(330,102),(382,151),(372,61),-1;14,(202,304),(335,668),(495,-12),-1;14,(240,398),(495,-12),(335,668),-1;4,(335,668),(330,614),0,-1;14,(425,111),(372,61),(382,151),-1;14,(181,363),(240,398),(202,304),-1;14,(259,342),(202,304),(240,398),-1
zero	1,(306,650),3;2,(200,-12),0;4,(200,-12),(204,49),0,-1;4,(306,650),(301,588),0,-1
one	1,(311,638),3;2,(26,0),0;4,(26,0),(39,64),0,-1;4,(311,638),(171,592),-2,-1;4,(171,592),(274,542),0,-1;4,(39,64),(384,64),-1,-1
two	1,(282,650),3;2,(385,0),0;4,(385,0),(121,66),0,-1;4,(121,66),(-2,46),-1,-1;4,(282,650),(273,587),0,-1
three	1,(290,650),3;2,(187,-12),0;4,(187,-12),(188,52),0,-1;14,(158,301),(290,650),(187,-12),0;4,(158,301),(170,359),0,-1;4,(290,650),(278,587),0,-1;14,(308,326),(158,301),(170,359),-1
four	1,(359,638),3;2,(244,0),0;14,(292,238),(359,638),(244,0),0;4,(292,238),(280,176),0,-1;4,(292,238),(17,228),-1,-1;4,(292,238),(363,238),-1,-1;4,(280,176),(434,176),-1,-1;14,(360,554),(359,638),(244,0),-1
five	1,(172,638),3;2,(184,-12),0;4,(184,-12),(189,52),0,-1;14,(232,344),(172,638),(184,-12),0;4,(172,638),(458,572),0,-1;4,(232,344),(257,404),0,-1
six	1,(349,650),3;2,(228,-12),0;14,(261,329),(349,650),(228,-12),0;4,(261,329),(279,386),-2,-1;14,(131,312),(279,386),(228,-12),-1;4,(131,312),(124,248),0,-1;4,(228,-12),(232,48),0,-1;4,(349,650),(345,586),0,-1
seven	1,(121,638),3;2,(120,0),0;4,(121,638),(413,572),0,-1;4,(413,572),(505,588),-1,-1
eight	1,(314,650),3;2,(222,-12),0;14,(220,320),(314,650),(222,-12),-1;4,(220,320),(308,345),0,-1;14,(184,346),(308,345),(220,320),-1;14,(349,318),(308,345),(220,320),-1;4,(314,650),(308,592),0,-1;4,(222,-12),(226,45),0,-1
nine	1,(278,650),3;2,(157,-12),0;14,(228,252),(278,650),(157,-12),0;4,(228,252),(245,309),-2,-1;14,(374,324),(278,650),(228,252),-1;4,(374,324),(382,390),0,-1;4,(278,650),(274,590),0,-1;4,(157,-12),(162,52),0,-1
zero.pnum	1,(316,650),3;2,(210,-12),0;4,(210,-12),(214,49),0,-1;4,(316,650),(311,588),0,-1
one.pnum	1,(246,638),3;2,(177,0),0;4,(246,638),(105,592),-2,-1;4,(105,592),(209,542),0,-1
two.pnum	1,(282,650),3;2,(375,0),0;4,(375,0),(121,66),0,-1;4,(121,66),(-2,46),-1,-1;4,(282,650),(273,587),0,-1
seven.pnum	1,(110,638),3;2,(105,0),0;4,(110,638),(392,572),0,-1;4,(392,572),(484,588),-1,-1
zero.tnum	1,(291,586),2;2,(201,-12),0;4,(201,-12),(207,49),0,-1;4,(291,586),(284,524),0,-1
one.tnum	1,(298,574),2;2,(372,0),0;4,(372,0),(39,64),0,-1;4,(298,574),(157,528),-2,-1;4,(157,528),(261,478),0,-1;4,(39,64),(384,64),-1,-1
two.tnum	1,(264,586),2;2,(385,0),0;4,(385,0),(123,66),0,-1;4,(123,66),(-2,46),-1,-1;4,(264,586),(255,523),0,-1
three.tnum	1,(278,586),2;6,(174,-86),(171,-22),0;14,(145,234),(278,586),(174,-86),0;4,(145,234),(157,291),0,-1;4,(278,586),(265,523),0,-1;14,(296,258),(145,234),(157,291),-1
four.tnum	8,(237,-74),2;1,(354,574),2;14,(283,156),(354,574),(237,-74),0;14,(355,490),(354,574),(237,-74),-1;4,(283,156),(437,156),-1,-1;4,(283,156),(271,95),0,-1;4,(271,95),(425,95),-1,-1;4,(283,156),(1,146),-1,-1
five.tnum	1,(157,574),2;6,(168,-86),(172,-23),0;14,(216,275),(157,574),(168,-86),0;4,(157,574),(443,508),0,-1;4,(216,275),(241,334),0,-1
seven.tnum	1,(107,574),2;4,(107,574),(399,508),0,-1;4,(399,508),(491,524),-1,-1
nine.tnum	1,(267,586),2;6,(142,-85),(147,-21),0;14,(209,168),(267,586),(142,-85),0;4,(209,168),(227,225),-2,-1;14,(359,237),(267,586),(209,168),-1;4,(359,237),(368,303),0,-1;4,(267,586),(262,526),0,-1
one.onum	1,(227,574),2;2,(170,0),0;4,(227,574),(86,528),-2,-1;4,(86,528),(190,478),0,-1
two.onum	1,(264,586),2;2,(369,0),0;4,(369,0),(120,66),0,-1;4,(120,66),(-2,46),-1,-1;4,(264,586),(255,523),0,-1
seven.onum	1,(93,574),2;4,(93,574),(376,508),0,-1;4,(376,508),(468,524),-1,-1
period	2,(70,-12),0;4,(70,-12),(90,108),-1,-1
comma	2,(78,-4),0;4,(78,-4),(90,108),-1,-1
dollar	1,(291,653),4;2,(162,-8),0;4,(291,653),(301,590),0,-1;4,(162,-8),(218,-12),-1,-1;4,(162,-8),(198,-110),-2,-1;4,(162,-8),(204,52),0,-1;4,(291,653),(367,751),-2,-1;4,(291,653),(346,648),-1,-1
Euro	1,(377,653),4;2,(271,-12),0;6,(361,240),(371,285),0;6,(423,355),(432,399),0;4,(377,653),(370,590),0,-1;4,(271,-12),(285,52),0,-1;4,(361,240),(82,240),-1,-1;4,(371,285),(30,280),-1,0;4,(423,355),(94,355),-1,-1;4,(432,399),(52,395),-1,0
tildecmb	1,(194,577),2;4,(194,577),(200,636),0,-1;4,(200,636),(65,662),-1,-1;4,(194,577),(6,582),-1,-1;4,(65,662),(71,721),0,-1;4,(71,721),(259,716),-1,-1
tildecmb.cap	1,(199,709),5;4,(199,709),(208,769),0,-1;4,(208,769),(68,781),-1,-1;4,(199,709),(8,714),-1,-1;4,(68,781),(77,841),0,-1;4,(77,841),(269,836),-1,-1
brevetilde	1,(115,571),2;4,(115,571),(123,618),-2,-1;4,(123,618),(38,686),-2,-1;4,(38,686),(233,686),-1,-1;4,(233,686),(205,710),-2,-1;4,(205,710),(210,760),-2,-1;4,(210,760),(87,752),-1,-1;4,(205,710),(46,709),-1,-1;4,(87,752),(92,802),-2,-1;4,(92,802),(251,802),-1,-1
brevetilde.cap	1,(125,708),5;4,(125,708),(134,753),-2,-1;4,(134,753),(49,822),-2,-1;4,(49,822),(243,822),-1,-1;4,(243,822),(216,843),-2,-1;4,(216,843),(222,893),-2,-1;4,(222,893),(97,893),-1,-1;4,(216,843),(51,846),-1,-1;4,(97,893),(103,943),-2,-1;4,(103,943),(268,939),-1,-1
Bstroke	1,(184,656),4;2,(53,0),0;4,(53,0),(256,58),0,-1;4,(256,58),(166,179),-2,-1;4,(166,179),(324,223),0,-1;4,(324,223),(196,326),-2,-1;4,(196,326),(299,379),0,-1;4,(184,656),(340,598),0,-1;4,(166,179),(18,179),-1,-1;4,(324,223),(98,223),-1,-1;14,(416,354),(299,379),(196,326),-1
