#Glyph name	TT hints
A	1,14,3;2,12,0;2,17,0;14,5,12,14,-1;14,11,12,14,0;4,11,9,0,-1
B	1,0,3;2,18,0;14,32,0,18,0;14,10,32,19,-1;4,0,25,1,-1;4,32,26,0,-1;4,18,34,1,-1
C	1,10,3;2,0,0;4,10,16,1,-1;4,0,24,1,-1
D	1,0,3;2,12,0;4,12,13,1,-1;4,0,23,1,-1
E	1,0,3;2,11,0;4,0,3,1,-1;14,7,0,11,0;4,7,5,0,-1;4,11,8,1,-1
F	1,0,3;2,9,0;4,0,3,1,-1;14,7,0,9,0;4,7,5,0,-1
G	1,10,3;2,0,0;4,10,17,1,-1;4,0,25,1,-1;14,32,10,0,0;4,32,30,0,-1
H	1,0,3;2,11,0;14,9,0,11,0;4,9,3,0,-1;4,0,4,-1,-1;4,11,7,-1,-1
I	1,0,3;2,3,0
J	1,11,3;2,0,0;4,0,7,1,-1
K	1,0,3;2,12,0;2,8,0;14,2,0,12,-1;4,0,4,-1,-1;14,6,4,8,-1;14,9,4,8,-1
L	1,0,3;2,5,0;4,5,2,1,-1
M	1,0,3;2,29,0;4,0,6,-1,-1;4,29,9,-1,-1;14,3,6,9,-1;14,15,9,6,-1;14,19,29,0,-1;14,22,0,29,-1
N	1,0,3;2,21,0;4,21,13,-1,-1;4,0,10,-1,-1;14,4,13,10,-1;14,16,0,21,-1
O	1,10,3;2,0,0;4,0,20,1,-1;4,10,28,1,-1
P	1,0,3;2,14,0;14,12,0,14,0;4,12,15,0,-1;4,0,22,1,-1
Q	1,29,3;2,21,0;4,29,0,1,-1;4,21,8,1,-1;4,21,42,-2,-1;4,42,19,1,-1;4,21,39,-1,-1
R	1,26,3;2,25,0;14,0,26,25,0;4,26,7,1,-1;14,19,0,22,-1;4,25,21,-1,-1;4,0,23,0,-1
S	1,22,3;2,0,0;4,0,7,1,-1;14,13,22,0,-1;4,22,29,1,-1;14,35,0,22,-1
T	1,2,3;2,7,0;4,2,0,1,-1;4,0,5,-1,-1
U	1,0,3;2,17,0;4,17,8,1,-1;4,0,12,-1,-1
V	1,0,3;2,13,0;14,5,0,13,-1;4,0,10,-1,-1
W	1,0,3;2,35,0;14,5,0,35,-1;4,0,10,-1,-1;4,10,20,-1,-1;4,35,23,-1,-1;14,15,20,23,-1;14,30,35,10,-1
X	1,1,3;2,25,0;2,15,0;14,6,1,25,-1;4,1,11,-1,-1;14,19,15,11,-1
Y	1,1,3;2,15,0;14,6,1,15,-1;4,1,11,-1,-1
Z	1,3,3;2,8,0;4,8,6,1,-1;4,6,0,-1,-1;4,3,1,1,-1;4,1,5,-1,-1
a	1,8,0;2,0,0;14,12,8,0,-1;4,8,14,-1,0;4,0,15,-1,0;14,17,0,8,-1;4,0,21,0,-1;4,17,24,1,-1;4,12,25,0,-1;4,8,28,0,-1
b	1,1,4;1,8,0;2,16,0;4,16,0,-1,0;14,4,8,16,-1;14,20,16,8,-1;4,8,22,0,-1;4,4,25,0,-1;4,20,26,0,-1;4,16,29,0,-1
c	1,10,0;2,0,0;4,10,17,0,-1;4,0,25,0,-1
d	1,1,4;1,17,0;2,9,0;4,9,3,-1,0;14,5,9,17,-1;14,21,17,9,-1;4,9,22,0,-1;4,5,25,1,-1;4,21,26,0,-1;4,17,29,0,-1
e	1,5,0;2,26,0;14,16,5,26,0;4,26,19,0,-1;4,16,31,0,-1;4,5,37,0,-1
f	1,7,4;1,1,0;2,24,0;4,7,13,0,-1;4,1,20,-1,-1;4,1,25,0,-1;4,25,21,-1,-1
g	1,22,0;2,0,1;4,0,7,0,-1;4,7,14,-2,-1;14,11,14,22,-1;14,26,22,14,-1;4,22,28,-1,0;4,14,32,0,-1;4,11,35,0,-1;4,26,36,0,-1;4,22,39,0,-1
h	1,0,4;1,7,0;2,14,0;2,26,0;14,4,14,0,-1;4,7,22,0,-1;4,4,25,0,-1
i	1,0,0;2,3,0;4,0,4,-1,0;4,4,14,-1,-1
j	1,10,0;2,0,1;4,0,6,0,-1;4,10,17,-1,0;4,17,27,-1,-1
k	1,4,0;1,0,5;2,12,0;2,8,0;14,2,0,12,-1;14,6,4,8,-1;14,9,0,8,-1
l	1,7,4;2,0,0;4,0,15,0,-1
m	1,6,0;2,40,0;4,6,0,-1,0;4,40,29,-1,-1;14,2,6,29,-1;4,6,12,-1,-1;14,9,12,19,-1;4,29,18,-1,-1;4,6,37,0,-1;4,37,26,-1,-1;4,9,28,0,-1;4,2,39,0,-1
n	1,6,0;2,24,0;4,6,0,-1,0;4,24,12,-1,-1;14,3,12,6,-1;4,6,20,0,-1;4,3,23,0,-1
o	1,10,0;2,0,0;4,0,20,0,-1;4,10,28,0,-1
p	1,9,0;2,2,1;2,17,0;4,9,3,-1,0;14,5,9,17,-1;14,20,17,9,-1;4,9,22,0,-1;4,5,25,0,-1;4,20,26,0,-1;4,17,29,0,-1
q	1,12,0;2,20,1;2,4,0;14,0,4,12,-1;14,16,12,4,-1;4,12,18,-1,0;4,4,22,0,-1;4,0,25,0,-1;4,16,26,0,-1;4,12,29,0,-1
r	1,6,0;2,18,0;4,6,0,-1,0;14,2,6,18,-1;4,6,13,-2,-1;4,2,16,1,-1
s	1,27,0;2,0,0;4,0,9,0,-1;14,17,27,0,-1;4,27,34,0,-1;4,17,42,0,-1
t	1,12,0;2,0,0;4,12,9,0,-1;4,12,16,-1,-1;4,9,17,-1,-1;4,0,24,0,-1
u	1,13,0;2,6,0;4,6,0,-1,0;14,2,13,6,-1;4,6,20,0,-1;4,2,23,0,-1;4,13,25,-1,-1
v	1,0,0;1,10,0;2,13,0;14,5,0,13,-1
w	1,0,0;2,33,0;14,5,0,33,-1;4,0,10,-1,-1;4,10,20,-1,-1;4,33,23,-1,-1;14,15,20,23,-1;14,28,33,0,-1
x	1,1,0;2,25,0;4,1,11,-1,-1;4,25,15,-1,-1;14,6,11,15,-1;14,20,1,25,-1;14,0,6,20,-1;14,13,20,6,-1
y	1,12,0;2,0,1;4,0,6,0,-1;14,16,12,0,-1;4,16,10,0,-1;4,12,22,-1,-1
z	1,3,0;2,8,0;4,8,6,0,-1;4,6,0,-1,-1;4,3,1,0,-1;4,1,5,-1,-1
Aogonek	1,36,3;2,35,0;6,22,16,-1;14,0,36,35,0;4,35,31,-1,-1;4,31,10,-1,-1;14,5,36,10,-1;4,0,33,0,-1
AE	1,20,3;2,19,0;14,0,20,19,-1;14,6,20,19,0;4,19,15,-1,-1;14,10,20,15,0;4,10,8,0,-1;4,15,13,1,-1;4,6,17,0,-1;4,20,22,1,-1
Eogonek	1,0,3;2,33,0;6,24,18,-1;4,0,2,1,-1;14,6,0,33,0;4,6,4,0,-1;4,33,9,1,-1;4,33,10,-1,-1
Hbar	1,16,3;2,11,0;4,16,20,-1,-1;4,20,18,-2,-1;4,18,0,0,-1;4,0,2,-2,-1;4,0,4,-1,-1;4,11,7,-1,-1;4,2,8,0,-1;4,0,12,-1,-1;4,18,15,-1,-1;4,18,23,-1,-1
Iogonek	1,10,3;2,9,0;6,0,18,-1;4,9,12,-1,-1
Lslash	1,8,3;2,3,0;4,3,1,1,-1;14,4,8,3,-1;4,4,5,-2,-1;4,4,7,-2,-1;14,13,3,8,-1;4,13,10,-2,-1;4,10,11,-2,-1
Oslash	1,38,3;2,26,0;14,28,26,38,-1;4,28,0,-2,-1;4,26,1,0,-1;14,40,38,26,-1;4,40,18,-2,-1;4,18,8,-2,-1;4,40,9,-2,-1;4,38,11,0,-1;4,28,31,-2,-1;4,31,17,-2,-1
OE	1,8,3;2,0,0;4,8,10,1,-1;14,14,8,0,0;4,14,12,0,-1;4,0,17,1,-1;4,10,21,-1,-1;4,17,31,-1,-1
Ohorn	1,39,3;2,29,0;4,29,0,0,-1;4,39,8,0,-1;4,39,16,-2,-1;14,21,39,8,-1
Oogonek	1,16,3;2,8,0;6,0,30,-1;4,8,24,-1,-1;4,8,36,0,-1;4,16,44,0,-1
Germandbls	1,29,3;2,0,0;4,0,7,0,-1;14,13,29,0,-1;4,13,14,0,-1;4,29,18,0,-1;4,0,23,-1,0;14,35,13,14,-1
Uogonek	1,32,3;2,25,0;6,17,11,-1;4,25,5,-1,-1;4,32,44,-1,-1
Uhorn	1,16,3;2,9,0;4,16,28,-1,-1;4,28,0,-2,-1;4,9,24,0,-1
Eth	1,33,3;2,28,0;4,28,0,1,-1;4,33,10,1,-1;14,14,33,28,-1;4,14,12,0,-1;4,14,29,-1,-1;4,12,32,-1,-1
Thorn	1,0,3;2,16,0;6,2,24,1;6,14,25,1
Schwa	1,12,3;2,20,0;4,20,5,0,-1;14,8,12,20,0;4,8,30,0,-1;4,12,35,0,-1
aogonek	1,21,0;2,13,0;6,0,34,-1;4,13,28,-1,0;4,28,8,-1,-1;14,9,13,21,-1;14,25,21,13,-1;4,21,27,-1,0;4,13,40,0,-1;4,9,43,0,-1;4,25,44,0,-1;4,21,47,0,-1
ae	1,52,0;1,57,0;2,31,0;2,25,0;14,41,52,31,0;4,41,0,-2,-1;4,31,6,0,-1;4,57,18,0,-1;14,67,57,25,0;4,67,21,-2,-1;4,52,45,0,-1;4,25,73,0,-1
dcroat	1,41,4;2,23,0;4,41,43,-2,-1;4,43,37,0,-1;4,37,31,-2,-1;14,35,31,23,-1;4,35,0,0,-1;4,31,3,0,-1;4,23,11,0,-1;14,19,23,31,-1;4,19,14,1,-1;4,37,16,-1,-1;4,43,39,-1,-1
eogonek	1,32,0;2,22,0;6,13,58,-1;4,32,6,0,-1;14,42,22,32,0;4,42,9,-2,-1;4,22,46,0,-1
hbar	1,28,4;2,23,0;4,28,27,-2,-1;4,27,24,0,-1;4,24,3,-2,-1;4,23,11,-1,-1;4,3,18,0,-1;14,35,3,23,-1;4,35,21,0,-1;4,27,31,-1,-1;4,24,32,-1,-1
iogonek	1,10,0;2,9,0;6,0,18,-1;4,9,12,-1,-1;4,10,24,-1,-1;4,24,34,-1,-1
iogonek.d	1,10,0;2,9,0;6,0,18,-1;4,9,12,-1,-1
dotlessi	1,0,0;2,2,0
kgreenlandic	1,0,0;2,12,0;14,2,0,12,-1;4,0,4,-1,-1;4,12,8,-1,-1;14,6,0,8,-1;14,9,12,0,-1
lslash	1,24,4;2,13,0;4,13,6,0,-1;14,20,24,13,-1;4,20,21,-2,-1;4,20,23,-2,-1;14,26,13,24,-1;4,26,27,-2,-1;4,26,29,-2,-1
oslash	1,36,0;2,23,0;14,0,23,36,-1;4,23,2,0,-1;14,8,36,23,-1;4,8,7,-2,-1;4,36,10,0,-1;4,0,15,-2,-1;4,7,16,-2,-1;4,0,25,-2,-1;4,15,28,-2,-1;4,8,38,-2,-1
oe	1,10,0;1,16,0;2,0,0;2,37,0;14,13,37,16,-1;14,26,16,37,0;4,37,30,0,-1;14,40,10,0,-1;4,0,43,0,-1;4,10,51,0,-1;4,16,65,0,-1;4,26,68,0,-1
ohorn	1,39,0;2,29,0;4,29,0,0,-1;4,39,8,0,-1;4,39,16,-2,-1;14,22,39,8,-1
ohorntilde	1,63,0;2,53,0;4,63,3,-2,-1;4,3,20,-2,-1;4,20,8,-1,-1;4,3,11,-1,-1;4,8,15,-2,-1;4,15,23,-1,-1;4,53,24,0,-1;4,63,32,0,-1;4,63,40,-2,-1;14,46,63,32,-1
oogonek	1,16,0;2,8,0;6,0,32,-1;4,8,26,-1,-1;4,8,38,0,-1;4,16,46,0,-1
germandbls	1,36,4;2,0,0;4,0,7,0,-1;4,36,23,0,-1;4,0,30,-1,0
uogonek	1,19,0;2,13,0;6,0,39,-1;14,9,19,13,-1;4,13,27,0,-1;4,9,30,0,-1;4,19,31,-1,-1;4,13,33,-1,0
uhorn	1,19,0;2,13,0;4,19,31,-1,-1;4,31,0,-2,-1;4,13,7,-1,0;14,9,19,13,-1;4,13,27,0,-1;4,9,30,0,-1
eth	1,44,4;2,22,0;4,22,0,0,-1;4,44,40,-2,-1;4,40,37,-2,-1;4,37,38,-2,-1;4,38,32,-2,-1;14,35,32,22,-1;4,35,3,0,-1;4,32,6,0,-1;4,37,14,-2,-1;4,40,46,-2,-1
thorn	1,0,4;1,7,0;2,22,1;2,15,0;14,3,7,15,-1;14,19,15,7,-1;4,15,23,0,-1;4,7,31,0,-1;4,3,34,0,-1;4,19,35,0,-1
dotlessj	1,10,0;2,0,1;4,0,6,0,-1
schwa	1,24,0;2,5,0;14,13,24,5,0;4,24,17,0,-1;4,5,29,0,-1;4,13,32,0,-1
f_f	1,22,0;1,28,4;1,47,4;2,18,0;4,47,3,0,-1;4,22,10,-1,-1;4,22,19,0,-1;4,19,15,-1,-1;4,15,11,-1,-1;4,18,14,-1,-1;4,28,34,0,-1
f_t	1,26,0;1,32,4;2,11,0;4,11,5,0,-1;4,26,23,0,-1;4,23,19,-1,-1;4,11,22,-1,0;4,32,38,0,-1;4,26,45,-1,-1;4,45,49,-1,-1;4,19,50,-1,-1
I.alt	1,4,3;2,11,0;4,11,0,0,-1;4,4,3,0,-1;4,3,6,-1,-1;4,0,9,-1,-1
Iogonek.alt	1,14,3;2,9,0;6,0,27,-1;4,9,10,0,-1;4,14,13,0,-1;4,13,16,-1,-1;4,10,19,-1,-1;4,9,20,-1,-1
a.alt	1,18,0;2,31,0;14,5,18,31,0;4,18,11,0,-1;4,31,25,-1,0;14,27,18,31,-1;4,5,36,0,-1;4,31,42,0,-1;4,27,45,0,-1
aogonek.alt	1,27,0;2,4,0;6,46,40,-1;14,14,27,4,0;4,27,20,0,-1;4,4,34,-1,0;4,34,54,-1,-1;4,14,55,0,-1;4,4,61,0,-1
g.alt	1,24,0;2,0,1;14,49,24,0,0;4,49,83,0,-1;14,9,49,83,-1;14,38,24,0,0;4,38,59,0,-1;14,16,59,38,-1;4,24,28,-1,0;4,24,67,0,-1;4,67,29,-1,0;4,0,75,0,-1
lslash.alt	1,7,4;2,1,0;14,9,1,7,-1;4,9,0,0,-1;14,3,1,7,-1;4,3,4,-2,-1;4,3,6,0,-1;4,9,10,-2,-1
ampersand	1,48,3;2,33,0;4,33,3,0,-1;4,33,28,-1,-1;14,21,28,48,-1;14,59,21,33,-1;14,30,33,21,-1;14,5,59,30,-1;14,7,48,28,-1;14,13,28,48,-1;4,48,18,0,-1;14,24,30,59,-1;14,41,13,7,-1;14,56,7,13,-1
zero	1,10,2;2,0,0;4,0,20,0,-1;4,10,28,0,-1
one	1,7,2;2,12,0;4,12,0,0,-1;4,7,4,-2,-1;4,4,2,0,-1;4,0,10,-1,-1
two	1,14,2;2,26,0;4,26,24,0,-1;4,24,0,-1,-1;4,14,8,0,-1
three	1,33,2;2,0,0;4,0,9,0,-1;14,17,33,0,0;4,17,18,0,-1;4,33,26,0,-1;14,42,17,18,-1
four	1,4,2;2,0,0;14,11,4,0,0;4,11,1,0,-1;4,11,3,-1,-1;4,11,6,-1,-1;4,1,8,-1,-1;14,15,4,0,-1
five	1,19,2;2,0,0;4,0,6,0,-1;14,12,19,0,0;4,19,21,0,-1;4,12,26,0,-1
six	1,48,2;2,38,0;4,38,0,0,-1;14,8,48,38,0;4,8,28,0,-1;14,23,28,38,-1;4,23,11,0,-1;4,48,20,0,-1
seven	1,5,2;2,0,0;4,5,3,0,-1;4,3,7,-1,-1
eight	1,18,2;2,0,0;14,53,18,0,-1;4,53,35,0,-1;14,10,35,53,-1;14,27,35,53,-1;4,18,41,0,-1;4,0,47,0,-1
nine	1,38,2;2,48,0;14,28,38,48,0;4,28,0,-2,-1;14,23,38,28,-1;4,23,3,0,-1;4,38,9,0,-1;4,48,20,0,-1
zero.pnum	1,10,2;2,0,0;4,0,20,0,-1;4,10,28,0,-1
one.pnum	1,5,2;2,7,0;4,5,2,-2,-1;4,2,0,0,-1
two.pnum	1,14,2;2,26,0;4,26,24,0,-1;4,24,0,-1,-1;4,14,8,0,-1
seven.pnum	1,5,2;2,0,0;4,5,3,0,-1;4,3,7,-1,-1
zero.tnum	1,10,1;2,0,0;4,0,20,0,-1;4,10,28,0,-1
one.tnum	1,7,1;2,11,0;4,11,0,0,-1;4,7,4,-2,-1;4,4,2,0,-1;4,0,10,-1,-1
two.tnum	1,15,1;2,27,0;4,27,25,0,-1;4,25,0,-1,-1;4,15,8,0,-1
three.tnum	1,33,1;6,0,9,0;14,17,33,0,0;4,17,18,0,-1;4,33,26,0,-1;14,42,17,18,-1
four.tnum	8,15,1;1,19,1;14,0,19,15,0;14,4,19,15,-1;4,0,11,-1,-1;4,0,16,0,-1;4,16,12,-1,-1;4,0,18,-1,-1
five.tnum	1,19,1;6,0,6,0;14,12,19,0,0;4,19,21,0,-1;4,12,26,0,-1
seven.tnum	1,5,1;4,5,3,0,-1;4,3,7,-1,-1
nine.tnum	1,36,1;6,46,20,0;14,26,36,46,0;4,26,0,-2,-1;14,23,36,26,-1;4,23,3,0,-1;4,36,9,0,-1
one.onum	1,5,1;2,7,0;4,5,2,-2,-1;4,2,0,0,-1
two.onum	1,15,1;2,27,0;4,27,25,0,-1;4,25,0,-1,-1;4,15,8,0,-1
seven.onum	1,5,1;4,5,3,0,-1;4,3,7,-1,-1
period	2,0,0;4,0,8,-1,-1
comma	2,3,0;4,3,11,-1,-1;4,3,19,-2,-1
dollar	1,43,3;2,21,0;4,43,3,0,-1;4,21,18,-1,-1;4,21,19,-2,-1;4,21,28,0,-1;4,43,45,-2,-1;4,43,46,-1,-1
Euro	1,27,3;2,10,0;6,22,19,0;6,16,13,0;4,10,3,0,-1;4,27,34,0,-1;4,22,38,-1,-1;4,19,39,-1,-1;4,16,43,-1,-1;4,13,44,-1,-1
tildecmb	1,0,1;4,0,17,0,-1;4,17,5,-1,-1;4,0,8,-1,-1;4,5,12,0,-1;4,12,20,-1,-1
tildecmb.cap	1,0,4;4,0,17,0,-1;4,17,5,-1,-1;4,0,8,-1,-1;4,5,12,0,-1;4,12,20,-1,-1
brevetilde	1,0,1;4,0,9,-2,-1;4,9,6,-2,-1;4,6,12,-1,-1;4,12,18,-2,-1;4,18,35,-2,-1;4,35,23,-1,-1;4,18,26,-1,-1;4,23,30,-2,-1;4,30,38,-1,-1
brevetilde.cap	1,0,4;4,0,7,-2,-1;4,7,4,-2,-1;4,4,10,-1,-1;4,10,14,-2,-1;4,14,31,-2,-1;4,31,19,-1,-1;4,14,22,-1,-1;4,19,26,-2,-1;4,26,34,-1,-1
