# Glyph name	TT hints
A	1,(274,650),4;2,(110,0),0;2,(360,0),0;14,(342,530),(110,0),(274,650),-1;14,(177,148),(110,0),(274,650),0;4,(177,148),(232,268),0,-1
B	1,(156,650),4;2,(26,0),0;14,(316,282),(156,650),(26,0),0;14,(448,334),(316,282),(318,390),-1;4,(156,650),(292,528),1,-1;4,(316,282),(264,390),0,-1;4,(26,0),(210,122),1,-1
C	1,(406,662),4;2,(310,-12),0;4,(406,662),(398,524),1,-1;4,(310,-12),(344,126),1,-1
D	1,(156,650),4;2,(26,0),0;4,(26,0),(236,128),1,-1;4,(156,650),(304,522),1,-1
E	1,(156,650),4;2,(26,0),0;4,(156,650),(288,516),1,-1;14,(240,268),(156,650),(26,0),0;4,(240,268),(468,402),0,-1;4,(26,0),(212,134),1,-1
F	1,(156,650),4;2,(26,0),0;4,(156,650),(288,516),1,-1;14,(236,248),(156,650),(26,0),0;4,(236,248),(464,382),0,-1
G	1,(416,662),4;2,(320,-12),0;4,(416,662),(408,524),1,-1;4,(320,-12),(348,124),1,-1;14,(592,378),(416,662),(320,-12),0;4,(592,378),(332,248),0,-1
H	1,(156,650),4;2,(26,0),0;14,(238,266),(156,650),(26,0),0;4,(238,266),(460,406),0,-1;4,(156,650),(508,650),-1,-1;4,(26,0),(378,0),-1,-1
I	1,(156,650),4;2,(26,0),0
J	1,(354,650),4;2,(182,-12),0;4,(182,-12),(182,126),1,-1
K	1,(156,650),4;2,(26,0),0;2,(402,0),0;14,(267,404),(156,650),(26,0),-1;4,(156,650),(484,650),-1,-1;14,(424,376),(484,650),(402,0),-1;14,(306,276),(484,650),(402,0),-1
L	1,(156,650),4;2,(26,0),0;4,(26,0),(212,134),1,-1
M	1,(156,650),4;2,(26,0),0;4,(156,650),(592,650),-1,-1;4,(26,0),(478,0),-1,-1;14,(379,260),(592,650),(478,0),-1;14,(588,444),(478,0),(592,650),-1;14,(306,56),(26,0),(156,650),-1;14,(241,444),(156,650),(26,0),-1
N	1,(156,650),4;2,(26,0),0;4,(26,0),(372,0),-1,-1;4,(156,650),(504,650),-1,-1;14,(436,196),(372,0),(504,650),-1;14,(248,454),(156,650),(26,0),-1
O	1,(392,662),4;2,(308,-12),0;4,(308,-12),(316,126),1,-1;4,(392,662),(384,524),1,-1
P	1,(156,650),4;2,(26,0),0;14,(228,212),(156,650),(26,0),0;4,(228,212),(313,338),0,-1;4,(156,650),(290,524),1,-1
Q	1,(392,662),4;2,(203,7),0;4,(392,662),(384,524),1,-1;4,(203,7),(316,126),1,-1;4,(203,7),(502,-54),-2,-1;4,(502,-54),(492,-182),1,-1;4,(203,7),(374,-4),-1,-1
R	1,(156,650),4;2,(26,0),0;14,(256,350),(156,650),(26,0),0;4,(156,650),(348,524),1,-1;14,(443,249),(256,350),(297,224),-1;4,(26,0),(372,0),-1,-1;4,(256,350),(230,224),0,-1
S	1,(341,662),4;2,(240,-12),0;4,(240,-12),(252,124),1,-1;14,(254,251),(341,662),(240,-12),-1;4,(341,662),(335,524),1,-1;14,(346,396),(240,-12),(341,662),-1
T	1,(106,650),4;2,(142,0),0;4,(106,650),(244,516),1,-1;4,(244,516),(404,516),-1,-1
U	1,(152,650),4;2,(316,-12),0;4,(316,-12),(320,126),1,-1;4,(152,650),(506,650),-1,-1
V	1,(78,650),4;2,(132,0),0;14,(262,140),(78,650),(132,0),-1;4,(78,650),(484,650),-1,-1
W	1,(98,650),4;2,(70,0),0;14,(212,148),(98,650),(70,0),-1;4,(98,650),(421,650),-1,-1;4,(421,650),(714,650),-1,-1;4,(70,0),(418,0),-1,-1;14,(544,148),(714,650),(418,0),-1;14,(433,429),(70,0),(421,650),-1
X	1,(104,650),4;2,(-36,0),0;2,(328,0),0;14,(328,430),(104,650),(-36,0),-1;4,(104,650),(456,650),-1,-1;14,(276,232),(328,0),(456,650),-1
Y	1,(79,650),4;2,(137,0),0;14,(288,362),(79,650),(137,0),-1;4,(79,650),(446,650),-1,-1
Z	1,(130,650),4;2,(452,0),0;4,(452,0),(216,134),1,-1;4,(216,134),(14,96),-1,-1;4,(130,650),(344,516),1,-1;4,(344,516),(542,554),-1,-1
a	1,(294,512),0;2,(168,-12),0;14,(400,450),(294,512),(168,-12),-1;4,(294,512),(550,500),-1,0;4,(168,-12),(450,0),-1,0;14,(320,62),(168,-12),(294,512),-1;4,(168,-12),(240,118),0,-1;4,(320,62),(328,184),1,-1;4,(400,450),(360,344),0,-1;4,(294,512),(306,382),0,-1
b	1,(148,696),5;1,(390,512),0;2,(264,-12),0;4,(264,-12),(8,0),-1,0;14,(252,458),(390,512),(264,-12),-1;14,(162,50),(264,-12),(390,512),-1;4,(390,512),(318,382),0,-1;4,(252,458),(234,326),0,-1;4,(162,50),(200,156),0,-1;4,(264,-12),(252,118),0,-1
c	1,(326,512),0;2,(226,-12),0;4,(326,512),(316,384),0,-1;4,(226,-12),(262,116),0,-1
d	1,(430,696),5;1,(294,512),0;2,(168,-12),0;4,(168,-12),(450,0),-1,0;14,(320,62),(168,-12),(294,512),-1;14,(392,456),(294,512),(168,-12),-1;4,(168,-12),(240,118),0,-1;4,(320,62),(328,184),1,-1;4,(392,456),(360,344),0,-1;4,(294,512),(306,382),0,-1
e	1,(308,512),0;2,(234,-12),0;14,(176,202),(308,512),(234,-12),0;4,(234,-12),(280,108),0,-1;4,(176,202),(340,298),0,-1;4,(308,512),(288,390),0,-1
f	1,(344,708),5;1,(136,500),0;2,(34,0),0;4,(344,708),(362,582),0,-1;4,(136,500),(376,500),-1,-1;4,(136,500),(110,376),0,-1;4,(110,376),(352,376),-1,-1
g	1,(288,512),0;2,(172,-208),1;4,(172,-208),(176,-82),0,-1;4,(176,-82),(174,20),-2,-1;14,(320,88),(174,20),(288,512),-1;14,(392,450),(288,512),(174,20),-1;4,(288,512),(544,500),-1,0;4,(174,20),(238,150),0,-1;4,(320,88),(326,206),0,-1;4,(392,450),(352,344),0,-1;4,(288,512),(300,382),0,-1
h	1,(148,696),5;1,(406,512),0;2,(454,0),0;2,(168,0),0;14,(254,446),(454,0),(148,696),-1;4,(406,512),(318,376),0,-1;4,(254,446),(230,320),0,-1
i	1,(108,500),0;2,(8,0),0;4,(108,500),(214,564),-1,0;4,(214,564),(226,728),-1,-1
j	1,(110,500),0;2,(-30,-188),1;4,(-30,-188),(-44,-62),0,-1;4,(110,500),(216,564),-1,0;4,(216,564),(228,728),-1,-1
k	1,(400,500),0;1,(148,696),5;2,(8,0),0;2,(328,0),0;14,(232,320),(148,696),(8,0),-1;14,(370,278),(400,500),(328,0),-1;14,(260,186),(148,696),(328,0),-1
l	1,(148,696),5;2,(148,-12),0;4,(148,-12),(218,116),0,-1
m	1,(400,512),0;2,(168,0),0;4,(400,512),(106,500),-1,0;4,(168,0),(448,0),-1,-1;14,(236,436),(400,512),(448,0),-1;4,(400,512),(682,512),-1,-1;14,(516,428),(682,512),(570,0),-1;4,(448,0),(730,0),-1,-1;4,(400,512),(314,376),0,-1;4,(314,376),(594,376),-1,-1;4,(516,428),(512,320),0,-1;4,(236,436),(230,320),0,-1
n	1,(406,512),0;2,(168,0),0;4,(406,512),(106,500),-1,0;4,(168,0),(454,0),-1,-1;14,(240,436),(454,0),(406,512),-1;4,(406,512),(318,376),0,-1;4,(240,436),(230,320),0,-1
o	1,(310,512),0;2,(226,-12),0;4,(226,-12),(244,116),0,-1;4,(310,512),(292,384),0,-1
p	1,(390,512),0;2,(-28,-176),1;2,(264,-12),0;4,(390,512),(108,500),-1,0;14,(242,446),(390,512),(264,-12),-1;14,(170,42),(264,-12),(390,512),-1;4,(390,512),(318,382),0,-1;4,(242,446),(234,326),0,-1;4,(170,42),(200,156),0,-1;4,(264,-12),(252,118),0,-1
q	1,(294,512),0;2,(254,-176),1;2,(168,-12),0;14,(320,62),(168,-12),(294,512),-1;14,(400,450),(294,512),(168,-12),-1;4,(294,512),(550,500),-1,0;4,(168,-12),(240,118),0,-1;4,(320,62),(328,184),0,-1;4,(400,450),(360,344),0,-1;4,(294,512),(306,382),0,-1
r	1,(388,512),0;2,(8,0),0;4,(388,512),(106,500),-1,0;14,(232,402),(388,512),(8,0),-1;4,(388,512),(338,372),-2,-1;4,(232,402),(222,280),1,-1
s	1,(260,512),0;2,(172,-12),0;4,(172,-12),(182,104),0,-1;14,(154,204),(260,512),(172,-12),-1;4,(260,512),(260,394),0,-1;4,(154,204),(288,296),0,-1
t	1,(138,500),0;2,(210,-12),0;4,(138,500),(106,376),0,-1;4,(138,500),(400,500),-1,-1;4,(106,376),(376,376),-1,-1;4,(210,-12),(272,112),0,-1
u	1,(262,500),0;2,(150,-12),0;4,(150,-12),(444,0),-1,0;14,(314,64),(262,500),(150,-12),-1;4,(150,-12),(238,124),0,-1;4,(314,64),(320,180),0,-1;4,(262,500),(542,500),-1,-1
v	1,(60,500),0;1,(398,500),0;2,(120,0),0;14,(232,118),(60,500),(120,0),-1
w	1,(73,500),0;2,(92,0),0;14,(216,128),(73,500),(92,0),-1;4,(73,500),(367,500),-1,-1;4,(367,500),(640,500),-1,-1;4,(92,0),(394,0),-1,-1;14,(506,128),(640,500),(394,0),-1;14,(394,332),(92,0),(73,500),-1
x	1,(84,500),0;2,(-38,0),0;4,(84,500),(382,500),-1,-1;4,(-38,0),(286,0),-1,-1;14,(293,338),(382,500),(286,0),-1;14,(230,162),(84,500),(-38,0),-1;14,(168,268),(293,338),(230,162),-1;14,(360,232),(230,162),(293,338),-1
y	1,(224,500),0;2,(52,-188),1;4,(52,-188),(62,-62),0,-1;14,(248,144),(224,500),(52,-188),-1;4,(248,144),(153,15),0,-1;4,(224,500),(560,500),-1,-1
z	1,(108,500),0;2,(380,0),0;4,(380,0),(214,124),0,-1;4,(214,124),(8,90),-1,-1;4,(108,500),(248,376),0,-1;4,(248,376),(454,408),-1,-1
Aogonek	1,(274,650),4;2,(-66,0),0;6,(394,-226),(454,-124),-1;14,(352,268),(274,650),(-66,0),0;4,(-66,0),(360,0),-1,-1;4,(360,0),(528,0),-1,-1;14,(342,530),(274,650),(528,0),-1;4,(352,268),(177,148),0,-1
AE	1,(372,650),4;2,(-36,0),0;14,(403,264),(372,650),(-36,0),-1;14,(295,264),(372,650),(-36,0),0;4,(-36,0),(350,0),-1,-1;14,(758,268),(372,650),(350,0),0;4,(758,268),(590,402),0,-1;4,(350,0),(774,134),1,-1;4,(295,264),(224,140),0,-1;4,(372,650),(842,516),1,-1
Eogonek	1,(156,650),4;2,(26,0),0;6,(310,-226),(370,-124),-1;4,(156,650),(526,516),1,-1;14,(442,268),(156,650),(26,0),0;4,(442,268),(266,402),0,-1;4,(26,0),(458,134),1,-1;4,(26,0),(432,0),-1,-1
Hbar	1,(156,650),4;2,(26,0),0;4,(156,650),(508,650),-1,-1;4,(508,650),(298,564),-2,-1;4,(298,564),(476,488),0,-1;4,(476,488),(266,406),-2,-1;4,(476,488),(736,488),-1,-1;4,(26,0),(378,0),-1,-1;4,(266,406),(432,266),0,-1;4,(476,488),(124,488),-1,-1;4,(298,564),(139,563),-1,-1;4,(298,564),(750,564),-1,-1
Iogonek	1,(156,650),4;2,(26,0),0;6,(64,-226),(124,-124),-1;4,(26,0),(186,0),-1,-1
Lslash	1,(156,650),4;2,(26,0),0;4,(26,0),(448,134),1,-1;14,(64,192),(156,650),(26,0),-1;4,(64,192),(17,168),-2,-1;4,(64,192),(91,326),-2,-1;14,(241,276),(26,0),(156,650),-1;4,(241,276),(267,409),-2,-1;4,(267,409),(411,482),-2,-1
Oslash	1,(392,662),4;2,(308,-12),0;14,(143,43),(308,-12),(392,662),-1;4,(143,43),(480,387),-2,-1;4,(308,-12),(253,155),0,-1;14,(560,604),(392,662),(308,-12),-1;4,(560,604),(617,526),-2,-1;4,(617,526),(480,376),-2,-1;4,(560,604),(450,492),-2,-1;4,(392,662),(384,524),0,-1;4,(143,43),(85,119),-2,-1;4,(85,119),(220,257),-2,-1
OE	1,(416,650),4;2,(348,0),0;4,(416,650),(830,516),1,-1;14,(746,268),(416,650),(348,0),0;4,(746,268),(580,402),0,-1;4,(348,0),(762,134),1,-1;4,(830,516),(420,522),-1,-1;4,(762,134),(352,128),-1,-1
Ohorn	1,(392,662),4;2,(308,-12),0;4,(308,-12),(316,126),0,-1;4,(392,662),(384,524),0,-1;4,(392,662),(696,808),-2,-1;14,(583,580),(392,662),(384,524),-1
Oogonek	1,(392,662),4;2,(260,-8),0;6,(272,-226),(332,-124),-1;4,(260,-8),(384,-4),-1,-1;4,(260,-8),(316,126),0,-1;4,(392,662),(384,524),0,-1
Germandbls	1,(402,672),4;2,(431,-12),0;4,(431,-12),(418,116),0,-1;14,(362,274),(402,672),(431,-12),-1;4,(362,274),(370,366),0,-1;4,(402,672),(392,544),0,-1;4,(431,-12),(26,0),-1,0;14,(524,352),(362,274),(370,366),-1
Uogonek	1,(152,650),4;2,(248,-6),0;6,(258,-226),(318,-124),-1;4,(248,-6),(378,-6),-1,-1;4,(152,650),(506,650),-1,-1
Uhorn	1,(152,650),4;2,(316,-12),0;4,(152,650),(506,650),-1,-1;4,(506,650),(780,808),-2,-1;4,(316,-12),(320,126),0,-1
Eth	1,(174,650),4;2,(44,0),0;4,(44,0),(254,128),1,-1;4,(174,650),(322,522),1,-1;14,(378,300),(174,650),(44,0),-1;4,(378,300),(279,376),0,-1;4,(378,300),(104,300),-1,-1;4,(279,376),(119,376),-1,-1
Thorn	1,(156,660),4;2,(26,0),0;6,(296,560),(270,434),1;6,(208,122),(234,248),1
Schwa	1,(408,672),4;2,(308,-12),0;4,(308,-12),(320,124),0,-1;14,(478,268),(408,672),(308,-12),0;4,(478,268),(90,384),0,-1;4,(408,672),(388,536),0,-1
aogonek	1,(294,512),0;2,(168,-12),0;6,(322,-212),(380,-118),-1;4,(168,-12),(450,0),-1,0;4,(450,0),(320,0),-1,-1;14,(320,62),(168,-12),(294,512),-1;14,(400,450),(294,512),(168,-12),-1;4,(294,512),(550,500),-1,0;4,(168,-12),(240,118),0,-1;4,(320,62),(328,184),0,-1;4,(400,450),(360,344),0,-1;4,(294,512),(306,382),0,-1
ae	1,(296,512),0;1,(558,512),0;2,(154,-12),0;2,(496,-12),0;14,(316,314),(296,512),(154,-12),0;4,(316,314),(296,218),-2,-1;4,(154,-12),(220,110),0,-1;4,(558,512),(538,390),0,-1;14,(696,202),(558,512),(496,-12),0;4,(696,202),(448,298),-2,-1;4,(296,512),(256,388),0,-1;4,(496,-12),(532,108),0,-1
dcroat	1,(430,696),5;2,(168,-12),0;4,(430,696),(576,628),-2,-1;4,(576,628),(402,552),0,-1;4,(402,552),(294,492),-2,-1;14,(388,436),(294,492),(168,-12),-1;4,(388,436),(356,324),0,-1;4,(294,492),(306,362),0,-1;4,(168,-12),(240,118),0,-1;14,(320,62),(168,-12),(294,492),-1;4,(320,62),(328,184),1,-1;4,(402,552),(561,553),-1,-1;4,(576,628),(278,628),-1,-1
eogonek	1,(308,512),0;2,(236,-12),0;6,(256,-212),(314,-118),-1;4,(308,512),(288,390),0,-1;14,(446,202),(236,-12),(308,512),0;4,(446,202),(188,298),-2,-1;4,(236,-12),(280,108),0,-1
hbar	1,(148,696),5;2,(8,0),0;4,(148,696),(134,628),-2,-1;4,(134,628),(119,552),0,-1;4,(119,552),(402,492),-2,-1;4,(8,0),(294,0),-1,-1;4,(402,492),(314,356),0,-1;14,(246,426),(402,492),(8,0),-1;4,(246,426),(226,300),0,-1;4,(134,628),(450,628),-1,-1;4,(119,552),(434,552),-1,-1
iogonek	1,(108,500),0;2,(8,0),0;6,(52,-212),(110,-118),-1;4,(8,0),(168,0),-1,-1;4,(108,500),(214,564),-1,-1;4,(214,564),(226,728),-1,-1
iogonek.d	1,(108,500),0;2,(8,0),0;6,(52,-212),(110,-118),-1;4,(8,0),(168,0),-1,-1
dotlessi	1,(108,500),0;2,(168,0),0
kgreenlandic	1,(106,500),0;2,(8,0),0;14,(232,320),(106,500),(8,0),-1;4,(106,500),(400,500),-1,-1;4,(8,0),(328,0),-1,-1;14,(370,278),(106,500),(328,0),-1;14,(260,186),(8,0),(106,500),-1
lslash	1,(160,696),5;2,(160,-12),0;4,(160,-12),(230,116),0,-1;14,(75,270),(160,696),(160,-12),-1;4,(75,270),(28,246),-2,-1;4,(75,270),(99,393),-2,-1;14,(275,471),(160,-12),(160,696),-1;4,(275,471),(324,500),-2,-1;4,(275,471),(250,347),-2,-1
oslash	1,(310,512),0;2,(226,-12),0;14,(198,128),(226,-12),(310,512),-1;4,(226,-12),(238,112),0,-1;14,(339,369),(310,512),(226,-12),-1;4,(339,369),(360,295),-2,-1;4,(310,512),(298,388),0,-1;4,(198,128),(176,201),-2,-1;4,(360,295),(481,420),-2,-1;4,(198,128),(101,28),-2,-1;4,(176,201),(56,78),-2,-1;4,(339,369),(438,470),-2,-1
oe	1,(300,512),0;1,(598,512),0;2,(216,-12),0;2,(524,-12),0;14,(438,428),(524,-12),(598,512),-1;14,(736,202),(598,512),(524,-12),0;4,(524,-12),(570,108),0,-1;14,(386,74),(300,512),(216,-12),-1;4,(216,-12),(244,116),0,-1;4,(300,512),(282,384),0,-1;4,(598,512),(578,390),0,-1;4,(736,202),(488,298),0,-1
ohorn	1,(310,512),0;2,(226,-12),0;4,(226,-12),(244,116),0,-1;4,(310,512),(292,384),0,-1;4,(310,512),(584,684),-2,-1;14,(470,436),(310,512),(292,384),-1
ohorntilde	1,(310,512),0;2,(226,-12),0;4,(310,512),(350,572),-2,-1;4,(350,572),(354,690),-2,-1;4,(354,690),(232,628),-1,-1;4,(350,572),(198,582),-1,-1;4,(232,628),(236,746),-2,-1;4,(236,746),(388,736),-1,-1;4,(226,-12),(244,116),0,-1;4,(310,512),(292,384),0,-1;4,(310,512),(584,684),-2,-1;14,(470,436),(310,512),(292,384),-1
oogonek	1,(310,512),0;2,(178,-6),0;6,(186,-212),(244,-118),-1;4,(178,-6),(298,-2),-1,-1;4,(178,-6),(244,116),0,-1;4,(310,512),(292,384),0,-1
germandbls	1,(364,708),5;2,(388,-12),0;4,(388,-12),(386,106),0,-1;4,(364,708),(358,582),0,-1;4,(388,-12),(8,0),-1,0
uogonek	1,(102,500),0;2,(150,-12),0;6,(316,-212),(374,-118),-1;14,(314,64),(102,500),(150,-12),-1;4,(150,-12),(238,124),0,-1;4,(314,64),(320,180),0,-1;4,(102,500),(382,500),-1,-1;4,(150,-12),(444,0),-1,0
uhorn	1,(102,500),0;2,(150,-12),0;4,(102,500),(382,500),-1,-1;4,(382,500),(636,684),-2,-1;4,(150,-12),(444,0),-1,0;14,(314,64),(102,500),(150,-12),-1;4,(150,-12),(238,124),0,-1;4,(314,64),(320,180),0,-1
eth	1,(256,744),5;2,(226,-12),0;4,(226,-12),(240,116),0,-1;4,(256,744),(258,597),-2,-1;4,(258,597),(312,533),-2,-1;4,(312,533),(168,476),-2,-1;4,(168,476),(258,458),-2,-1;14,(353,412),(258,458),(226,-12),-1;4,(353,412),(353,295),0,-1;4,(258,458),(280,338),0,-1;4,(312,533),(440,584),-2,-1;4,(258,597),(388,649),-2,-1
thorn	1,(148,696),5;1,(390,512),0;2,(-28,-176),1;2,(264,-12),0;14,(252,458),(390,512),(264,-12),-1;14,(168,42),(264,-12),(390,512),-1;4,(264,-12),(252,118),0,-1;4,(390,512),(318,382),0,-1;4,(252,458),(234,326),0,-1;4,(168,42),(200,156),0,-1
dotlessj	1,(110,500),0;2,(-30,-188),1;4,(-30,-188),(-44,-62),0,-1
schwa	1,(274,512),0;2,(186,-12),0;14,(48,294),(274,512),(186,-12),0;4,(274,512),(234,392),0,-1;4,(186,-12),(206,110),0,-1;4,(48,294),(306,198),0,-1
f_f	1,(135,499),0;1,(342,698),5;1,(656,708),5;2,(34,0),0;4,(656,708),(674,582),0,-1;4,(135,499),(688,500),-1,-1;4,(135,499),(110,376),0,-1;4,(110,376),(422,376),-1,-1;4,(422,376),(664,376),-1,-1;4,(34,0),(346,0),-1,-1;4,(342,698),(360,572),0,-1
f_t	1,(135,499),0;1,(344,708),5;2,(510,-12),0;4,(510,-12),(572,112),0,-1;4,(135,499),(110,376),0,-1;4,(110,376),(406,376),-1,-1;4,(510,-12),(34,0),-1,0;4,(344,708),(362,582),0,-1;4,(135,499),(438,500),-1,-1;4,(438,500),(700,500),-1,-1;4,(406,376),(676,376),-1,-1
I.alt	1,(126,650),4;2,(-6,0),0;4,(-6,0),(22,134),0,-1;4,(126,650),(98,516),0,-1;4,(98,516),(388,516),-1,-1;4,(22,134),(314,134),-1,-1
Iogonek.alt	1,(126,650),4;2,(-6,0),0;6,(98,-226),(158,-124),-1;4,(-6,0),(22,134),0,-1;4,(126,650),(98,516),0,-1;4,(98,516),(388,516),-1,-1;4,(22,134),(314,134),-1,-1;4,(-6,0),(286,0),-1,-1
a.alt	1,(296,512),0;2,(144,-12),0;14,(316,314),(296,512),(144,-12),0;4,(296,512),(260,388),0,-1;4,(144,-12),(414,0),-1,0;14,(282,48),(296,512),(144,-12),-1;4,(316,314),(298,218),0,-1;4,(144,-12),(220,110),0,-1;4,(282,48),(282,142),0,-1
aogonek.alt	1,(296,512),0;2,(144,-12),0;6,(286,-212),(344,-118),-1;14,(316,314),(296,512),(144,-12),0;4,(296,512),(260,388),0,-1;4,(144,-12),(414,0),-1,0;4,(414,0),(285,0),-1,-1;4,(316,314),(298,218),0,-1;4,(144,-12),(220,110),0,-1
g.alt	1,(278,512),0;2,(174,-206),1;14,(248,95),(278,512),(174,-206),0;4,(248,95),(202,-22),0,-1;14,(69,30),(248,95),(202,-22),-1;14,(236,158),(278,512),(174,-206),0;4,(236,158),(252,254),0,-1;14,(116,200),(252,254),(236,158),-1;4,(278,512),(540,500),-1,0;4,(278,512),(274,404),0,-1;4,(274,404),(518,382),-1,0;4,(174,-206),(190,-108),0,-1
lslash.alt	1,(160,696),5;2,(180,0),0;14,(275,472),(180,0),(160,696),-1;4,(275,472),(250,347),0,-1;14,(74,270),(180,0),(160,696),-1;4,(74,270),(28,246),-2,-1;4,(74,270),(99,393),0,-1;4,(275,472),(324,500),-2,-1
ampersand	1,(348,662),4;2,(208,-12),0;4,(208,-12),(236,108),0,-1;4,(208,-12),(548,-12),-1,-1;14,(660,372),(548,-12),(348,662),-1;14,(421,215),(660,372),(208,-12),-1;14,(406,47),(208,-12),(660,372),-1;14,(311,125),(421,215),(406,47),-1;14,(214,248),(348,662),(548,-12),-1;14,(279,419),(548,-12),(348,662),-1;4,(348,662),(338,558),0,-1;14,(517,147),(406,47),(421,215),-1;14,(160,359),(279,419),(214,248),-1;14,(327,320),(214,248),(279,419),-1
zero	1,(322,646),3;2,(224,-12),0;4,(224,-12),(234,110),0,-1;4,(322,646),(312,524),0,-1
one	1,(314,634),3;2,(16,0),0;4,(16,0),(42,128),0,-1;4,(314,634),(144,574),-2,-1;4,(144,574),(240,474),0,-1;4,(42,128),(442,128),-1,-1
two	1,(288,646),3;2,(424,0),0;4,(424,0),(258,134),0,-1;4,(258,134),(4,90),-1,-1;4,(288,646),(268,520),0,-1
three	1,(294,646),3;2,(208,-12),0;4,(208,-12),(204,116),0,-1;14,(154,266),(294,646),(208,-12),0;4,(154,266),(176,378),0,-1;4,(294,646),(264,520),0,-1;14,(364,318),(154,266),(176,378),-1
four	1,(316,634),3;2,(238,0),0;14,(291,268),(316,634),(238,0),0;4,(291,268),(267,146),0,-1;4,(291,268),(30,258),-1,-1;4,(291,268),(437,268),-1,-1;4,(267,146),(482,146),-1,-1;14,(342,500),(316,634),(238,0),-1
five	1,(164,634),3;2,(208,-12),0;4,(208,-12),(210,116),0,-1;14,(232,292),(164,634),(208,-12),0;4,(164,634),(496,500),0,-1;4,(232,292),(300,410),0,-1
six	1,(376,646),3;2,(256,-12),0;4,(256,-12),(264,106),0,-1;14,(284,292),(376,646),(256,-12),0;4,(284,292),(328,400),0,-1;14,(212,345),(328,400),(256,-12),-1;4,(212,345),(199,237),0,-1;4,(376,646),(366,518),0,-1
seven	1,(122,634),3;2,(92,0),0;4,(122,634),(350,500),0,-1;4,(350,500),(534,534),-1,-1
eight	1,(330,646),3;2,(238,-12),0;14,(234,280),(330,646),(238,-12),-1;4,(234,280),(328,372),0,-1;14,(170,326),(328,372),(234,280),-1;14,(398,324),(328,372),(234,280),-1;4,(330,646),(318,534),0,-1;4,(238,-12),(250,98),0,-1
nine	1,(292,646),3;2,(172,-12),0;14,(220,234),(292,646),(172,-12),0;4,(220,234),(264,342),-2,-1;14,(336,289),(292,646),(220,234),-1;4,(336,289),(349,397),0,-1;4,(292,646),(284,528),0,-1;4,(172,-12),(182,116),0,-1
zero.pnum	1,(332,646),3;2,(234,-12),0;4,(234,-12),(244,110),0,-1;4,(332,646),(322,524),0,-1
one.pnum	1,(250,634),3;2,(240,0),0;4,(250,634),(80,574),-2,-1;4,(80,574),(176,474),0,-1
two.pnum	1,(288,646),3;2,(414,0),0;4,(414,0),(258,134),0,-1;4,(258,134),(4,90),-1,-1;4,(288,646),(268,520),0,-1
seven.pnum	1,(110,634),3;2,(80,0),0;4,(110,634),(328,500),0,-1;4,(328,500),(512,534),-1,-1
zero.tnum	1,(308,592),2;2,(222,-12),0;4,(222,-12),(236,110),0,-1;4,(308,592),(294,470),0,-1
one.tnum	1,(302,580),2;2,(416,0),0;4,(416,0),(42,128),0,-1;4,(302,580),(132,520),-2,-1;4,(132,520),(228,420),0,-1;4,(42,128),(442,128),-1,-1
two.tnum	1,(270,592),2;2,(424,0),0;4,(424,0),(258,134),0,-1;4,(258,134),(4,90),-1,-1;4,(270,592),(250,466),0,-1
three.tnum	1,(284,592),2;6,(198,-92),(184,36),0;14,(144,202),(284,592),(198,-92),0;4,(144,202),(166,314),0,-1;4,(284,592),(254,466),0,-1;14,(354,254),(144,202),(166,314),-1
four.tnum	8,(226,-80),2;1,(310,580),2;14,(282,202),(310,580),(226,-80),0;14,(336,446),(310,580),(226,-80),-1;4,(282,202),(498,202),-1,-1;4,(282,202),(258,80),0,-1;4,(258,80),(474,80),-1,-1;4,(282,202),(22,192),-1,-1
five.tnum	1,(148,580),2;6,(188,-90),(190,38),0;14,(212,224),(148,580),(188,-90),0;4,(148,580),(480,446),0,-1;4,(212,224),(280,342),0,-1
seven.tnum	1,(108,580),2;4,(108,580),(336,446),0,-1;4,(336,446),(520,480),-1,-1
nine.tnum	1,(288,592),2;6,(158,-90),(168,38),0;14,(208,160),(288,592),(158,-90),0;4,(208,160),(252,268),-2,-1;14,(328,211),(288,592),(208,160),-1;4,(328,211),(344,323),0,-1;4,(288,592),(280,474),0,-1
one.onum	1,(246,580),2;2,(248,0),0;4,(246,580),(76,520),-2,-1;4,(76,520),(172,420),0,-1
two.onum	1,(270,592),2;2,(398,0),0;4,(398,0),(250,134),0,-1;4,(250,134),(4,90),-1,-1;4,(270,592),(250,466),0,-1
seven.onum	1,(102,580),2;4,(102,580),(322,446),0,-1;4,(322,446),(506,480),-1,-1
period	2,(104,-12),0;4,(104,-12),(134,184),-1,-1
comma	2,(111,2),0;4,(111,2),(130,184),-1,-1;4,(111,2),(-10,-196),-2,-1
dollar	1,(285,654),4;2,(153,-4),0;4,(285,654),(314,528),0,-1;4,(153,-4),(257,-9),-1,-1;4,(153,-4),(236,-110),-2,-1;4,(153,-4),(220,116),0,-1;4,(285,654),(408,754),-2,-1;4,(285,654),(388,646),-1,-1
Euro	1,(406,656),4;2,(294,-12),0;6,(107,424),(85,346),0;6,(78,296),(77,218),0;4,(294,-12),(328,116),0,-1;4,(406,656),(390,528),0,-1;4,(107,424),(460,426),-1,-1;4,(85,346),(444,346),-1,-1;4,(78,296),(396,298),-1,-1;4,(77,218),(380,218),-1,-1
tildecmb	1,(188,572),2;4,(188,572),(196,690),0,-1;4,(196,690),(64,628),-1,-1;4,(188,572),(26,582),-1,-1;4,(64,628),(72,746),0,-1;4,(72,746),(234,736),-1,-1
tildecmb.cap	1,(188,686),5;4,(188,686),(202,804),0,-1;4,(202,804),(62,738),-1,-1;4,(188,686),(22,696),-1,-1;4,(62,738),(76,856),0,-1;4,(76,856),(242,846),-1,-1
brevetilde	1,(116,572),2;4,(116,572),(130,656),-2,-1;4,(130,656),(62,702),-2,-1;4,(62,702),(214,702),-1,-1;4,(214,702),(196,716),-2,-1;4,(196,716),(202,808),-2,-1;4,(202,808),(102,758),-1,-1;4,(196,716),(66,722),-1,-1;4,(102,758),(108,850),-2,-1;4,(108,850),(240,844),-1,-1
brevetilde.cap	1,(128,700),5;4,(128,700),(142,780),-2,-1;4,(142,780),(68,828),-2,-1;4,(68,828),(232,828),-1,-1;4,(232,828),(212,848),-2,-1;4,(212,848),(216,940),-2,-1;4,(216,940),(114,890),-1,-1;4,(212,848),(78,854),-1,-1;4,(114,890),(118,982),-2,-1;4,(118,982),(252,976),-1,-1
