# Glyph name	TT hints
A	1,(320,660),4;2,(-12,0),0;2,(404,0),0;14,(326,626),(-12,0),(320,660),-1;14,(118,238),(-12,0),(320,660),0;4,(118,238),(132,264),0,-1
B	1,(172,660),4;2,(40,0),0;14,(278,338),(172,660),(40,0),0;14,(368,348),(278,338),(260,364),-1;4,(172,660),(196,634),1,-1;4,(278,338),(142,364),0,-1;4,(40,0),(74,26),1,-1
C	1,(390,672),4;2,(278,-12),0;4,(390,672),(388,646),1,-1;4,(278,-12),(280,14),1,-1
D	1,(172,660),4;2,(40,0),0;4,(40,0),(196,26),1,-1;4,(172,660),(274,634),1,-1
E	1,(172,660),4;2,(40,0),0;4,(172,660),(196,634),1,-1;14,(138,338),(172,660),(40,0),0;4,(138,338),(406,364),0,-1;4,(40,0),(74,26),1,-1
F	1,(172,660),4;2,(40,0),0;4,(172,660),(196,634),1,-1;14,(136,326),(172,660),(40,0),0;4,(136,326),(404,352),0,-1
G	1,(400,672),4;2,(288,-12),0;4,(400,672),(398,646),1,-1;4,(288,-12),(290,14),1,-1;14,(514,316),(400,672),(288,-12),0;4,(514,316),(320,290),0,-1
H	1,(172,660),4;2,(40,0),0;14,(138,338),(172,660),(40,0),0;4,(138,338),(498,364),0,-1;4,(172,660),(558,660),-1,-1;4,(40,0),(426,0),-1,-1
I	1,(172,660),4;2,(40,0),0
J	1,(392,660),4;2,(146,-12),0;4,(146,-12),(148,14),1,-1
K	1,(172,660),4;2,(40,0),0;2,(432,0),0;14,(128,290),(172,660),(40,0),-1;4,(172,660),(526,660),-1,-1;14,(312,420),(526,660),(432,0),-1;14,(288,400),(526,660),(432,0),-1
L	1,(172,660),4;2,(40,0),0;4,(40,0),(76,26),1,-1
M	1,(172,660),4;2,(40,0),0;4,(172,660),(616,660),-1,-1;4,(40,0),(504,0),-1,-1;14,(314,112),(616,660),(504,0),-1;14,(634,632),(504,0),(616,660),-1;14,(292,76),(40,0),(172,660),-1;14,(192,632),(172,660),(40,0),-1
N	1,(172,660),4;2,(40,0),0;4,(40,0),(426,0),-1,-1;4,(172,660),(560,660),-1,-1;14,(442,42),(426,0),(560,660),-1;14,(190,622),(172,660),(40,0),-1
O	1,(372,672),4;2,(274,-12),0;4,(274,-12),(276,14),1,-1;4,(372,672),(370,646),1,-1
P	1,(172,660),4;2,(40,0),0;14,(128,294),(172,660),(40,0),0;4,(128,294),(250,320),0,-1;4,(172,660),(196,634),1,-1
Q	1,(372,672),4;2,(245,-10),0;4,(245,-10),(276,14),1,-1;4,(372,672),(370,646),1,-1;4,(245,-10),(442,-122),-2,-1;4,(442,-122),(440,-150),1,-1;4,(245,-10),(275,-12),-1,-1
R	1,(172,660),4;2,(40,0),0;14,(260,336),(172,660),(40,0),0;4,(172,660),(314,634),1,-1;14,(305,311),(260,336),(273,310),-1;4,(40,0),(400,0),-1,-1;4,(260,336),(132,310),0,-1
S	1,(314,672),4;2,(226,-12),0;4,(226,-12),(230,14),1,-1;14,(322,306),(314,672),(226,-12),-1;4,(314,672),(308,646),1,-1;14,(248,384),(226,-12),(314,672),-1
T	1,(106,660),4;2,(180,0),0;4,(106,660),(306,632),1,-1;4,(306,632),(336,632),-1,-1
U	1,(170,660),4;2,(268,-12),0;4,(268,-12),(272,14),1,-1;4,(170,660),(556,660),-1,-1
V	1,(84,660),4;2,(146,0),0;14,(170,38),(84,660),(146,0),-1;4,(84,660),(498,660),-1,-1
W	1,(108,660),4;2,(110,0),0;14,(136,44),(108,660),(110,0),-1;4,(108,660),(428,660),-1,-1;4,(428,660),(748,660),-1,-1;4,(110,0),(458,0),-1,-1;14,(484,44),(748,660),(458,0),-1;14,(436,628),(110,0),(428,660),-1
X	1,(110,660),4;2,(-36,0),0;2,(350,0),0;14,(244,366),(110,660),(-36,0),-1;4,(110,660),(468,660),-1,-1;14,(236,318),(350,0),(468,660),-1
Y	1,(86,660),4;2,(140,0),0;14,(214,303),(86,660),(140,0),-1;4,(86,660),(466,660),-1,-1
Z	1,(158,660),4;2,(410,0),0;4,(410,0),(46,26),1,-1;4,(46,26),(6,18),-1,-1;4,(158,660),(486,634),1,-1;4,(486,634),(524,642),-1,-1
a	1,(306,490),0;2,(186,-12),0;14,(436,410),(306,490),(186,-12),-1;4,(306,490),(478,478),-1,0;4,(186,-12),(382,0),-1,0;14,(370,78),(186,-12),(306,490),-1;4,(186,-12),(188,14),0,-1;4,(370,78),(378,122),1,-1;4,(436,410),(430,372),0,-1;4,(306,490),(304,464),0,-1
b	1,(188,722),5;1,(336,490),0;2,(216,-12),0;4,(216,-12),(44,0),-1,0;14,(152,408),(336,490),(216,-12),-1;14,(86,68),(216,-12),(336,490),-1;4,(336,490),(334,464),0,-1;4,(152,408),(146,372),0,-1;4,(86,68),(92,106),0,-1;4,(216,-12),(218,14),0,-1
c	1,(298,490),0;2,(210,-12),0;4,(298,490),(296,464),0,-1;4,(210,-12),(212,14),0,-1
d	1,(500,722),5;1,(306,490),0;2,(186,-12),0;4,(186,-12),(382,0),-1,0;14,(370,78),(186,-12),(306,490),-1;14,(436,410),(306,490),(186,-12),-1;4,(186,-12),(188,14),0,-1;4,(370,78),(378,122),1,-1;4,(436,410),(430,372),0,-1;4,(306,490),(304,464),0,-1
e	1,(290,490),0;2,(224,-12),0;14,(78,242),(290,490),(224,-12),0;4,(224,-12),(226,14),0,-1;4,(78,242),(398,268),0,-1;4,(290,490),(288,464),0,-1
f	1,(292,734),5;1,(144,478),0;2,(48,0),0;4,(292,734),(290,708),0,-1;4,(144,478),(280,478),-1,-1;4,(144,478),(138,452),0,-1;4,(138,452),(274,452),-1,-1
g	1,(300,490),0;2,(166,-234),1;4,(166,-234),(168,-208),0,-1;4,(168,-208),(184,-4),-2,-1;14,(366,86),(184,-4),(300,490),-1;14,(430,410),(300,490),(184,-4),-1;4,(300,490),(472,478),-1,0;4,(184,-4),(186,22),0,-1;4,(366,86),(372,124),0,-1;4,(430,410),(424,372),0,-1;4,(300,490),(298,464),0,-1
h	1,(188,722),5;1,(328,490),0;2,(372,0),0;2,(72,0),0;14,(152,398),(372,0),(188,722),-1;4,(328,490),(324,464),0,-1;4,(152,398),(144,358),0,-1
i	1,(140,478),0;2,(44,0),0;4,(140,478),(180,600),-1,0;4,(180,600),(188,668),-1,-1
j	1,(140,478),0;2,(-60,-234),1;4,(-60,-234),(-58,-208),0,-1;4,(140,478),(180,600),-1,0;4,(180,600),(188,668),-1,-1
k	1,(408,478),0;1,(188,722),5;2,(44,0),0;2,(344,0),0;14,(108,176),(188,722),(44,0),-1;14,(258,286),(408,478),(344,0),-1;14,(236,266),(188,722),(344,0),-1
l	1,(188,722),5;2,(86,-12),0;4,(86,-12),(94,14),0,-1
m	1,(316,490),0;2,(72,0),0;4,(316,490),(140,478),-1,0;4,(72,0),(358,0),-1,-1;14,(152,400),(316,490),(358,0),-1;4,(316,490),(602,490),-1,-1;14,(426,388),(602,490),(616,0),-1;4,(358,0),(644,0),-1,-1;4,(316,490),(312,464),0,-1;4,(312,464),(598,464),-1,-1;4,(426,388),(430,358),0,-1;4,(152,400),(144,358),0,-1
n	1,(328,490),0;2,(72,0),0;4,(328,490),(140,478),-1,0;4,(72,0),(372,0),-1,-1;14,(156,400),(372,0),(328,490),-1;4,(328,490),(324,464),0,-1;4,(156,400),(144,358),0,-1
o	1,(296,490),0;2,(204,-12),0;4,(204,-12),(206,14),0,-1;4,(296,490),(294,464),0,-1
p	1,(336,490),0;2,(0,-222),1;2,(216,-12),0;4,(336,490),(140,478),-1,0;14,(152,408),(336,490),(216,-12),-1;14,(86,68),(216,-12),(336,490),-1;4,(336,490),(334,464),0,-1;4,(152,408),(146,370),0,-1;4,(86,68),(92,102),0,-1;4,(216,-12),(218,14),0,-1
q	1,(306,490),0;2,(310,-222),1;2,(186,-12),0;14,(370,80),(186,-12),(306,490),-1;14,(436,410),(306,490),(186,-12),-1;4,(306,490),(478,478),-1,0;4,(186,-12),(188,14),0,-1;4,(370,80),(378,122),0,-1;4,(436,410),(430,372),0,-1;4,(306,490),(304,464),0,-1
r	1,(302,490),0;2,(44,0),0;4,(302,490),(140,478),-1,0;14,(148,388),(302,490),(44,0),-1;4,(302,490),(296,462),-2,-1;4,(148,388),(136,322),1,-1
s	1,(226,490),0;2,(158,-12),0;4,(158,-12),(162,14),0,-1;14,(200,230),(226,490),(158,-12),-1;4,(226,490),(224,464),0,-1;4,(200,230),(198,264),0,-1
t	1,(152,478),0;2,(170,-12),0;4,(152,478),(146,452),0,-1;4,(152,478),(312,478),-1,-1;4,(146,452),(306,452),-1,-1;4,(170,-12),(172,14),0,-1
u	1,(168,478),0;2,(184,-12),0;4,(184,-12),(372,0),-1,0;14,(360,80),(168,478),(184,-12),-1;4,(184,-12),(188,14),0,-1;4,(360,80),(368,120),0,-1;4,(168,478),(468,478),-1,-1
v	1,(58,478),0;1,(408,478),0;2,(136,0),0;14,(158,26),(58,478),(136,0),-1
w	1,(68,478),0;2,(112,0),0;14,(136,26),(68,478),(112,0),-1;4,(68,478),(348,478),-1,-1;4,(348,478),(638,478),-1,-1;4,(112,0),(396,0),-1,-1;14,(420,26),(638,478),(396,0),-1;14,(362,454),(112,0),(68,478),-1
x	1,(82,478),0;2,(-48,0),0;4,(82,478),(384,478),-1,-1;4,(-48,0),(286,0),-1,-1;14,(196,272),(384,478),(286,0),-1;14,(188,228),(82,478),(-48,0),-1;14,(178,252),(196,272),(188,228),-1;14,(212,246),(188,228),(196,272),-1
y	1,(86,478),0;2,(-40,-222),1;4,(-40,-222),(-38,-196),0,-1;14,(158,24),(86,478),(-40,-222),-1;4,(158,24),(138,-10),0,-1;4,(86,478),(438,478),-1,-1
z	1,(116,478),0;2,(318,0),0;4,(318,0),(32,26),0,-1;4,(32,26),(-8,18),-1,-1;4,(116,478),(364,452),0,-1;4,(364,452),(404,460),-1,-1
Aogonek	1,(320,660),4;2,(-46,0),0;6,(378,-202),(380,-176),-1;14,(372,264),(320,660),(-46,0),0;4,(-46,0),(404,0),-1,-1;4,(404,0),(434,0),-1,-1;14,(326,626),(320,660),(434,0),-1;4,(372,264),(118,238),0,-1
AE	1,(458,660),4;2,(-32,0),0;14,(470,632),(458,660),(-32,0),-1;14,(394,252),(458,660),(-32,0),0;4,(-32,0),(344,0),-1,-1;14,(690,338),(458,660),(344,0),0;4,(690,338),(446,364),0,-1;4,(344,0),(686,26),1,-1;4,(394,252),(170,226),0,-1;4,(458,660),(798,634),1,-1
Eogonek	1,(172,660),4;2,(40,0),0;6,(304,-202),(306,-176),-1;4,(172,660),(508,634),1,-1;14,(400,338),(172,660),(40,0),0;4,(400,338),(142,364),0,-1;4,(40,0),(396,26),1,-1;4,(40,0),(390,0),-1,-1
Hbar	1,(186,660),4;2,(54,0),0;4,(186,660),(572,660),-1,-1;4,(572,660),(188,522),-2,-1;4,(188,522),(539,496),0,-1;4,(539,496),(156,364),-2,-1;4,(539,496),(642,496),-1,-1;4,(54,0),(440,0),-1,-1;4,(156,364),(508,338),0,-1;4,(539,496),(153,496),-1,-1;4,(188,522),(158,522),-1,-1;4,(188,522),(648,522),-1,-1
Iogonek	1,(172,660),4;2,(40,0),0;6,(22,-202),(26,-176),-1;4,(40,0),(70,0),-1,-1
Lslash	1,(172,660),4;2,(370,0),0;4,(370,0),(376,26),1,-1;14,(93,263),(370,0),(172,660),-1;4,(93,263),(8,222),-2,-1;4,(93,263),(99,294),-2,-1;14,(132,307),(370,0),(172,660),-1;4,(132,307),(334,404),-2,-1;4,(132,307),(126,277),-2,-1
Oslash	1,(372,672),4;2,(274,-12),0;14,(109,72),(274,-12),(372,672),-1;4,(109,72),(129,94),-2,-1;4,(274,-12),(276,14),0,-1;14,(540,584),(372,672),(274,-12),-1;4,(540,584),(552,561),-2,-1;4,(552,561),(531,537),-2,-1;4,(540,584),(519,561),-2,-1;4,(372,672),(370,646),0,-1;4,(109,72),(95,97),-2,-1;4,(95,97),(116,121),-2,-1
OE	1,(414,660),4;2,(332,0),0;4,(414,660),(826,634),1,-1;14,(718,338),(414,660),(332,0),0;4,(718,338),(484,364),0,-1;4,(332,0),(714,26),1,-1;4,(826,634),(412,634),-1,-1;4,(714,26),(334,26),-1,-1
Ohorn	1,(372,672),4;2,(274,-12),0;4,(372,672),(370,646),0,-1;4,(274,-12),(276,14),0,-1;4,(372,672),(618,792),-2,-1;14,(509,622),(372,672),(370,646),-1
Oogonek	1,(372,672),4;2,(264,-12),0;6,(248,-202),(250,-176),-1;4,(264,-12),(342,-2),-1,-1;4,(264,-12),(276,14),0,-1;4,(372,672),(370,646),0,-1
Germandbls	1,(374,672),4;2,(368,-12),0;4,(368,-12),(370,14),0,-1;14,(334,344),(374,672),(368,-12),-1;4,(334,344),(338,368),0,-1;4,(374,672),(372,646),0,-1;4,(368,-12),(40,0),-1,0;14,(372,362),(334,344),(338,368),-1
Uogonek	1,(170,660),4;2,(250,-12),0;6,(234,-202),(236,-176),-1;4,(250,-12),(316,-8),-1,-1;4,(250,-12),(272,14),1,-1;4,(170,660),(556,660),-1,-1
Uhorn	1,(170,660),4;2,(268,-12),0;4,(170,660),(556,660),-1,-1;4,(556,660),(698,808),-2,-1;4,(268,-12),(272,14),1,-1
Eth	1,(190,660),4;2,(58,0),0;4,(58,0),(214,26),1,-1;4,(190,660),(292,634),1,-1;14,(324,338),(190,660),(58,0),-1;4,(324,338),(160,364),0,-1;4,(324,338),(126,338),-1,-1;4,(160,364),(131,364),-1,-1
Thorn	1,(172,660),4;2,(40,0),0;6,(178,536),(172,510),1;6,(104,170),(110,196),1
Schwa	1,(380,672),4;2,(260,-12),0;4,(260,-12),(262,14),0,-1;14,(545,296),(380,672),(260,-12),0;4,(545,296),(72,322),0,-1;4,(380,672),(378,646),0,-1
aogonek	1,(306,490),0;2,(186,-12),0;6,(304,-202),(306,-176),-1;4,(186,-12),(382,0),-1,0;4,(382,0),(360,10),-1,-1;14,(370,80),(186,-12),(306,490),-1;14,(436,408),(306,490),(186,-12),-1;4,(306,490),(478,478),-1,0;4,(186,-12),(188,14),0,-1;4,(370,80),(378,122),0,-1;4,(436,408),(430,374),0,-1;4,(306,490),(304,464),0,-1
ae	1,(282,490),0;1,(588,490),0;2,(158,-12),0;2,(520,-12),0;14,(370,294),(282,490),(158,-12),0;4,(282,490),(280,464),0,-1;14,(406,372),(520,-12),(588,490),-1;14,(718,242),(520,-12),(588,490),0;4,(520,-12),(522,14),0,-1;14,(370,96),(282,490),(158,-12),-1;4,(588,490),(586,464),0,-1;4,(718,242),(396,268),0,-1;4,(370,294),(366,268),0,-1;4,(158,-12),(164,14),0,-1
dcroat	1,(500,722),5;2,(186,-12),0;4,(500,722),(505,610),-2,-1;4,(505,610),(472,584),0,-1;4,(472,584),(304,470),-2,-1;14,(432,390),(304,470),(186,-12),-1;4,(432,390),(426,352),0,-1;4,(304,470),(302,444),0,-1;4,(186,-12),(188,14),0,-1;14,(370,78),(186,-12),(304,470),-1;4,(370,78),(378,122),1,-1;4,(472,584),(500,584),-1,-1;4,(505,610),(312,610),-1,-1
eogonek	1,(290,490),0;2,(224,-12),0;6,(252,-202),(254,-176),-1;14,(420,242),(290,490),(224,-12),0;4,(224,-12),(226,14),0,-1;4,(290,490),(288,464),0,-1;4,(420,242),(84,268),0,-1
hbar	1,(188,722),5;2,(44,0),0;4,(188,722),(166,610),-2,-1;4,(166,610),(160,584),0,-1;4,(160,584),(324,470),-2,-1;4,(44,0),(344,0),-1,-1;4,(324,470),(320,444),0,-1;14,(144,378),(324,470),(44,0),-1;4,(144,378),(140,338),0,-1;4,(166,610),(380,610),-1,-1;4,(160,584),(374,584),-1,-1
iogonek	1,(140,478),0;2,(44,0),0;6,(22,-202),(24,-176),-1;4,(44,0),(72,0),-1,-1;4,(140,478),(180,600),-1,-1;4,(180,600),(188,668),-1,-1
iogonek.d	1,(140,478),0;2,(44,0),0;6,(22,-202),(24,-176),-1;4,(44,0),(72,0),-1,-1
dotlessi	1,(140,478),0;2,(72,0),0
kgreenlandic	1,(140,478),0;2,(44,0),0;14,(108,176),(140,478),(44,0),-1;4,(140,478),(408,478),-1,-1;4,(44,0),(344,0),-1,-1;14,(258,286),(140,478),(344,0),-1;14,(236,266),(44,0),(140,478),-1
lslash	1,(188,722),5;2,(86,-12),0;4,(86,-12),(94,14),0,-1;14,(119,375),(188,722),(86,-12),-1;4,(119,375),(54,336),-2,-1;4,(119,375),(125,407),-2,-1;14,(157,424),(86,-12),(188,722),-1;4,(157,424),(232,470),-2,-1;4,(157,424),(151,393),-2,-1
oslash	1,(296,490),0;2,(204,-12),0;14,(83,45),(204,-12),(296,490),-1;4,(83,45),(103,65),-2,-1;4,(204,-12),(206,14),0,-1;14,(421,429),(296,490),(204,-12),-1;4,(421,429),(434,406),-2,-1;4,(434,406),(412,384),-2,-1;4,(421,429),(401,408),-2,-1;4,(296,490),(294,464),0,-1;4,(83,45),(69,67),-2,-1;4,(69,67),(90,89),-2,-1
oe	1,(296,490),0;1,(646,490),0;2,(204,-12),0;2,(580,-12),0;14,(452,340),(580,-12),(646,490),-1;14,(776,242),(646,490),(580,-12),0;4,(580,-12),(582,14),0,-1;14,(420,148),(296,490),(204,-12),-1;4,(204,-12),(206,14),0,-1;4,(296,490),(294,464),0,-1;4,(646,490),(644,464),0,-1;4,(776,242),(458,268),0,-1
ohorn	1,(296,490),0;2,(204,-12),0;4,(204,-12),(206,14),0,-1;4,(296,490),(294,464),0,-1;4,(296,490),(518,620),-2,-1;14,(408,444),(296,490),(294,464),-1
ohorntilde	1,(296,490),0;2,(204,-12),0;4,(296,490),(388,580),-2,-1;4,(388,580),(392,604),-2,-1;4,(392,604),(256,682),-2,-1;4,(388,580),(184,582),-1,-1;4,(256,682),(260,706),-2,-1;4,(260,706),(464,704),-1,-1;4,(204,-12),(206,14),0,-1;4,(296,490),(294,464),0,-1;4,(296,490),(518,620),-2,-1;14,(408,444),(204,-12),(296,490),-1;4,(294,464),(384,465),-1,0
oogonek	1,(296,490),0;2,(202,-12),0;6,(184,-202),(186,-176),-1;4,(202,-12),(260,-6),-1,-1;4,(202,-12),(206,14),0,-1;4,(296,490),(294,464),0,-1
germandbls	1,(336,734),5;2,(310,-12),0;4,(310,-12),(312,14),0,-1;4,(336,734),(334,708),0,-1;4,(310,-12),(44,0),-1,0
uogonek	1,(140,478),0;2,(184,-12),0;6,(294,-202),(296,-176),-1;14,(360,80),(140,478),(184,-12),-1;4,(184,-12),(188,14),0,-1;4,(360,80),(368,120),0,-1;4,(140,478),(440,478),-1,-1;4,(184,-12),(372,0),-1,0
uhorn	1,(140,478),0;2,(184,-12),0;4,(140,478),(440,478),-1,-1;4,(440,478),(566,636),-2,-1;4,(184,-12),(372,0),-1,0;4,(184,-12),(188,14),0,-1
eth	1,(242,722),5;2,(210,-12),0;4,(210,-12),(216,14),0,-1;4,(242,722),(333,609),-2,-1;4,(333,609),(347,590),-2,-1;4,(347,590),(198,526),-2,-1;4,(198,526),(284,440),-2,-1;14,(420,359),(284,440),(210,-12),-1;4,(420,359),(420,317),0,-1;4,(284,440),(282,414),0,-1;4,(347,590),(372,600),-2,-1;4,(333,609),(358,620),-2,-1
thorn	1,(188,722),5;1,(336,490),0;2,(0,-222),1;2,(216,-12),0;14,(152,408),(336,490),(216,-12),-1;14,(84,68),(216,-12),(336,490),-1;4,(216,-12),(218,14),0,-1;4,(336,490),(334,464),0,-1;4,(152,408),(146,372),0,-1;4,(84,68),(92,102),0,-1
dotlessj	1,(140,478),0;2,(-60,-234),1;4,(-60,-234),(-58,-208),0,-1
schwa	1,(262,490),0;2,(174,-12),0;14,(46,248),(262,490),(174,-12),0;4,(262,490),(260,464),0,-1;4,(174,-12),(176,14),0,-1;4,(46,248),(382,222),0,-1
f_f	1,(144,478),0;1,(300,724),5;2,(48,0),0;4,(300,724),(538,734),-1,0;4,(300,724),(298,698),0,-1;4,(298,698),(536,708),-1,0;4,(144,478),(390,478),-1,-1;4,(390,478),(526,478),-1,-1;4,(144,478),(139,452),0,-1;4,(139,452),(385,452),-1,-1;4,(385,452),(520,452),-1,-1;4,(48,0),(294,0),-1,-1
f_t	1,(144,478),0;1,(292,734),5;2,(370,-12),0;4,(370,-12),(372,14),0,-1;4,(144,478),(139,452),0,-1;4,(139,452),(346,452),-1,-1;4,(370,-12),(48,0),-1,0;4,(292,734),(290,708),0,-1;4,(144,478),(352,478),-1,-1;4,(352,478),(512,478),-1,-1;4,(346,452),(506,452),-1,-1
I.alt	1,(124,660),4;2,(-8,0),0;4,(-8,0),(-2,26),0,-1;4,(124,660),(118,634),0,-1;4,(118,634),(326,634),-1,-1;4,(-2,26),(204,26),-1,-1
Iogonek.alt	1,(124,660),4;2,(-8,0),0;6,(62,-202),(66,-176),-1;4,(-8,0),(-2,26),0,-1;4,(124,660),(118,634),0,-1;4,(118,634),(326,634),-1,-1;4,(-2,26),(204,26),-1,-1;4,(-8,0),(198,0),-1,-1
a.alt	1,(282,490),0;2,(158,-12),0;14,(378,294),(282,490),(158,-12),0;4,(282,490),(280,464),0,-1;4,(158,-12),(348,0),-1,0;14,(332,62),(282,490),(158,-12),-1;4,(378,294),(374,268),0,-1;4,(158,-12),(164,14),0,-1;4,(332,62),(340,100),0,-1
aogonek.alt	1,(282,490),0;2,(158,-12),0;6,(270,-202),(272,-176),-1;14,(378,294),(282,490),(158,-12),0;4,(282,490),(280,464),0,-1;4,(158,-12),(348,0),-1,0;4,(348,0),(326,10),-1,-1;4,(378,294),(374,268),0,-1;4,(158,-12),(164,14),0,-1
g.alt	1,(282,490),0;2,(156,-234),1;14,(220,28),(282,490),(156,-234),0;4,(220,28),(204,0),0,-1;14,(122,26),(220,28),(204,0),-1;14,(210,152),(282,490),(156,-234),0;4,(210,152),(214,178),0,-1;14,(136,178),(214,178),(210,152),-1;4,(282,490),(486,478),-1,0;4,(282,490),(278,464),0,-1;4,(278,464),(480,452),-1,0;4,(156,-234),(158,-208),0,-1
lslash.alt	1,(188,722),5;2,(72,0),0;14,(157,424),(72,0),(188,722),-1;4,(157,424),(150,392),0,-1;14,(119,375),(72,0),(188,722),-1;4,(119,375),(54,336),-2,-1;4,(119,375),(125,407),0,-1;4,(157,424),(232,470),-2,-1
ampersand	1,(328,672),4;2,(163,-12),0;4,(163,-12),(170,14),0,-1;4,(163,-12),(464,-12),-1,-1;14,(534,341),(464,-12),(328,672),-1;14,(357,112),(534,341),(163,-12),-1;14,(353,73),(163,-12),(534,341),-1;14,(336,92),(357,112),(353,73),-1;14,(200,341),(328,672),(464,-12),-1;14,(218,382),(464,-12),(328,672),-1;4,(328,672),(326,646),0,-1;14,(374,94),(353,73),(357,112),-1;14,(193,365),(218,382),(200,341),-1;14,(224,357),(200,341),(218,382),-1
zero	1,(296,652),3;2,(186,-12),0;4,(186,-12),(186,14),0,-1;4,(296,652),(294,626),0,-1
one	1,(310,640),3;2,(32,0),0;4,(32,0),(38,26),0,-1;4,(310,640),(186,602),-2,-1;4,(186,602),(294,582),0,-1;4,(38,26),(350,26),-1,-1
two	1,(278,652),3;2,(362,0),0;4,(362,0),(42,26),0,-1;4,(42,26),(-6,20),-1,-1;4,(278,652),(276,626),0,-1
three	1,(288,652),3;2,(174,-12),0;4,(174,-12),(178,14),0,-1;14,(160,322),(288,652),(174,-12),0;4,(160,322),(166,348),0,-1;4,(288,652),(286,626),0,-1;14,(276,330),(160,322),(166,348),-1
four	1,(384,640),3;2,(248,0),0;14,(292,220),(384,640),(248,0),0;4,(292,220),(287,194),0,-1;4,(292,220),(10,210),-1,-1;4,(292,220),(320,220),-1,-1;4,(287,194),(406,194),-1,-1;14,(370,586),(384,640),(248,0),-1
five	1,(176,640),3;2,(170,-12),0;4,(170,-12),(176,14),0,-1;14,(232,374),(176,640),(170,-12),0;4,(176,640),(436,614),0,-1;4,(232,374),(232,400),0,-1
six	1,(334,652),3;2,(212,-12),0;14,(248,350),(334,652),(212,-12),0;4,(248,350),(250,378),-2,-1;14,(86,296),(250,378),(212,-12),-1;4,(86,296),(82,255),0,-1;4,(212,-12),(214,14),0,-1;4,(334,652),(332,626),0,-1
seven	1,(120,640),3;2,(136,0),0;4,(120,640),(450,614),0,-1;4,(450,614),(488,620),-1,-1
eight	1,(304,652),3;2,(212,-12),0;14,(212,344),(304,652),(212,-12),-1;4,(212,344),(296,330),-1,-1;14,(192,358),(296,330),(212,344),-1;14,(320,314),(296,330),(212,344),-1;4,(304,652),(302,626),0,-1;4,(212,-12),(212,14),0,-1
nine	1,(270,652),3;2,(148,-12),0;14,(232,262),(270,652),(148,-12),0;4,(232,262),(234,290),-2,-1;14,(396,344),(270,652),(232,262),-1;4,(396,344),(400,385),0,-1;4,(270,652),(268,626),0,-1;4,(148,-12),(150,14),0,-1
zero.pnum	1,(306,652),3;2,(196,-12),0;4,(196,-12),(196,14),0,-1;4,(306,652),(304,626),0,-1
one.pnum	1,(244,640),3;2,(140,0),0;4,(244,640),(120,602),-2,-1;4,(120,602),(228,582),0,-1
two.pnum	1,(278,652),3;2,(352,0),0;4,(352,0),(42,26),0,-1;4,(42,26),(-6,20),-1,-1;4,(278,652),(276,626),0,-1
seven.pnum	1,(110,640),3;2,(120,0),0;4,(110,640),(430,614),0,-1;4,(430,614),(468,620),-1,-1
zero.tnum	1,(281,582),2;2,(188,-12),0;4,(188,-12),(190,14),0,-1;4,(281,582),(278,556),0,-1
one.tnum	1,(296,570),2;2,(346,0),0;4,(346,0),(38,26),0,-1;4,(296,570),(172,532),-2,-1;4,(172,532),(280,512),0,-1;4,(38,26),(350,26),-1,-1
two.tnum	1,(260,582),2;2,(362,0),0;4,(362,0),(44,26),0,-1;4,(44,26),(-6,20),-1,-1;4,(260,582),(258,556),0,-1
three.tnum	1,(274,582),2;6,(160,-82),(164,-56),0;14,(146,252),(274,582),(160,-82),0;4,(146,252),(152,278),0,-1;4,(274,582),(272,556),0,-1;14,(262,260),(146,252),(152,278),-1
four.tnum	8,(244,-70),2;1,(380,570),2;14,(284,130),(244,-70),(380,570),0;14,(362,516),(380,570),(244,-70),-1;4,(284,130),(279,104),0,-1;4,(279,104),(396,104),-1,-1;4,(284,130),(-12,120),-1,-1;4,(284,130),(402,130),-1,-1
five.tnum	1,(162,570),2;6,(156,-84),(162,-58),0;14,(218,304),(162,570),(156,-84),0;4,(162,570),(422,544),0,-1;4,(218,304),(218,330),0,-1
seven.tnum	1,(106,570),2;4,(106,570),(436,544),0,-1;4,(436,544),(474,550),-1,-1
nine.tnum	1,(254,582),2;6,(132,-82),(134,-56),0;14,(210,172),(254,582),(132,-82),0;4,(210,172),(212,200),-2,-1;14,(376,251),(254,582),(210,172),-1;4,(376,251),(382,293),0,-1;4,(254,582),(252,556),0,-1
one.onum	1,(216,570),2;2,(124,0),0;4,(216,570),(92,532),-2,-1;4,(92,532),(200,512),0,-1
two.onum	1,(260,582),2;2,(352,0),0;4,(352,0),(44,26),0,-1;4,(44,26),(-6,20),-1,-1;4,(260,582),(258,556),0,-1
seven.onum	1,(88,570),2;4,(88,570),(408,544),0,-1;4,(408,544),(446,550),-1,-1
period	2,(50,-12),0;4,(50,-12),(64,64),-1,-1
comma	2,(56,-8),0;4,(56,-8),(66,64),-1,-1
dollar	1,(295,652),3;2,(168,-10),0;4,(295,652),(322,649),-1,-1;4,(295,652),(294,626),0,-1;4,(168,-10),(195,-12),-1,-1;4,(168,-10),(194,14),0,-1
Euro	1,(360,652),3;2,(258,-12),0;6,(86,253),(87,277),0;6,(99,360),(105,384),0;4,(360,652),(358,626),0,-1;4,(105,384),(416,384),-1,-1;4,(99,360),(410,360),-1,-1;4,(87,277),(356,277),-1,-1;4,(86,253),(350,253),-1,-1;4,(258,-12),(260,14),0,-1
tildecmb	1,(198,580),2;4,(198,580),(202,604),0,-1;4,(202,604),(66,682),-1,-1;4,(198,580),(-6,582),-1,-1;4,(66,682),(70,706),0,-1;4,(70,706),(274,704),-1,-1
tildecmb.cap	1,(206,722),5;4,(206,722),(212,748),0,-1;4,(212,748),(72,806),-1,-1;4,(206,722),(0,724),-1,-1;4,(72,806),(78,832),0,-1;4,(78,832),(284,830),-1,-1
brevetilde	1,(114,570),2;4,(114,570),(119,596),-2,-1;4,(119,596),(24,676),-2,-1;4,(24,676),(244,676),-1,-1;4,(244,676),(210,706),-2,-1;4,(210,706),(215,732),-2,-1;4,(215,732),(78,748),-1,-1;4,(210,706),(35,702),-1,-1;4,(78,748),(83,774),-2,-1;4,(83,774),(258,778),-1,-1
brevetilde.cap	1,(124,712),5;4,(124,712),(129,738),-2,-1;4,(129,738),(38,818),-2,-1;4,(38,818),(250,818),-1,-1;4,(250,818),(219,840),-2,-1;4,(219,840),(226,866),-2,-1;4,(226,866),(87,894),-1,-1;4,(219,840),(35,842),-1,-1;4,(87,894),(94,920),-2,-1;4,(94,920),(278,918),-1,-1
Bstroke	1,(190,660),4;2,(58,0),0;4,(58,0),(230,26),0,-1;4,(230,26),(124,180),-2,-1;4,(124,180),(298,206),0,-1;4,(298,206),(156,338),-2,-1;4,(156,338),(278,364),0,-1;4,(190,660),(330,634),0,-1;4,(124,180),(22,180),-1,-1;4,(298,206),(99,206),-1,-1;14,(386,352),(278,364),(156,338),-1
