# Glyph name	TT hints
A	1,(198,652),4;2,(144,0),0;2,(423,0),0;14,(281,540),(144,0),(198,652),-1;14,(184,155),(144,0),(198,652),0;4,(184,155),(214,270),0,-1
B	1,(77,652),4;2,(77,0),0;14,(307,282),(77,652),(77,0),0;14,(455,345),(307,282),(293,391),-1;4,(77,652),(224,538),1,-1;4,(307,282),(224,391),0,-1;4,(77,0),(224,114),1,-1
C	1,(354,664),4;2,(349,-12),0;4,(354,664),(357,537),1,-1;4,(349,-12),(355,115),1,-1
D	1,(77,652),4;2,(77,0),0;4,(77,0),(252,119),1,-1;4,(77,652),(252,533),1,-1
E	1,(77,652),4;2,(77,0),0;4,(77,652),(224,528),1,-1;14,(224,274),(77,652),(77,0),0;4,(224,274),(446,397),0,-1;4,(77,0),(224,124),1,-1
F	1,(77,652),4;2,(77,0),0;4,(77,652),(224,528),1,-1;14,(224,253),(77,652),(77,0),0;4,(224,253),(450,377),0,-1
G	1,(364,664),4;2,(365,-12),0;4,(364,664),(369,537),1,-1;4,(365,-12),(380,115),1,-1;14,(342,247),(364,664),(365,-12),0;4,(342,247),(580,367),0,-1
H	1,(77,652),4;2,(77,0),0;14,(224,272),(77,652),(77,0),0;4,(224,272),(449,401),1,-1;4,(77,652),(449,652),-1,-1;4,(77,0),(449,0),-1,-1
I	1,(77,652),4;2,(77,0),0
J	1,(288,652),4;2,(226,-12),0;4,(226,-12),(207,115),1,-1
K	1,(77,652),4;1,(422,652),4;2,(77,0),0;2,(459,0),0;14,(224,385),(77,652),(77,0),-1;14,(387,392),(422,652),(459,0),-1;14,(300,275),(422,652),(459,0),-1
L	1,(77,652),4;2,(77,0),0;4,(77,0),(224,124),1,-1
M	1,(77,652),4;2,(77,0),0;14,(385,242),(685,652),(685,0),-1;14,(385,242),(685,0),(570,461),-1;4,(77,652),(525,652),-1,-1;4,(77,0),(551,0),-1,-1;14,(339,57),(77,0),(77,652),-1;14,(190,461),(77,652),(77,0),-1
N	1,(77,652),4;1,(448,652),4;2,(77,0),0;2,(437,0),0;14,(466,184),(437,0),(448,652),-1;14,(199,467),(77,652),(77,0),-1
O	1,(342,664),4;2,(342,-12),0;4,(342,-12),(342,115),1,-1;4,(342,664),(342,537),1,-1
P	1,(77,652),4;2,(77,0),0;14,(224,221),(77,652),(77,0),0;4,(224,221),(296,338),0,-1;4,(77,652),(224,535),1,-1
Q	1,(342,664),4;2,(275,-5),0;4,(275,-5),(342,108),1,-1;4,(342,664),(342,537),1,-1;4,(275,-5),(574,-64),-2,-1;4,(574,-64),(557,-182),1,-1;4,(275,-5),(431,0),-1,-1
R	1,(77,652),4;2,(224,0),0;2,(430,0),0;14,(305,235),(77,652),(224,0),0;4,(305,235),(300,352),0,-1;4,(77,652),(224,535),1,-1;14,(447,261),(300,352),(305,235),-1
S	1,(293,664),4;2,(276,-12),0;4,(276,-12),(280,115),1,-1;14,(277,256),(276,-12),(293,664),-1;4,(293,664),(293,537),1,-1;14,(309,401),(293,664),(276,-12),-1
T	1,(25,652),4;2,(204,0),0;4,(25,652),(204,528),1,-1;4,(204,528),(352,528),-1,-1
U	1,(73,652),4;2,(334,-12),0;4,(334,-12),(334,115),1,-1;4,(73,652),(449,652),-1,-1
V	1,(-7,652),4;1,(413,652),4;2,(190,0),0;14,(280,139),(-7,652),(190,0),-1
W	1,(14,652),4;1,(349,652),4;1,(659,652),4;2,(135,0),0;2,(499,0),0;14,(236,141),(14,652),(135,0),-1;14,(583,141),(659,652),(499,0),-1;14,(405,447),(135,0),(349,652),-1
X	1,(22,652),4;1,(388,652),4;2,(11,0),0;2,(392,0),0;14,(290,424),(22,652),(11,0),-1;14,(278,240),(392,0),(388,652),-1
Y	1,(-8,652),4;1,(379,652),4;2,(189,0),0;14,(261,358),(-8,652),(189,0),-1
Z	1,(63,652),4;2,(508,0),0;4,(508,0),(217,124),1,-1;4,(217,124),(36,89),-1,0;4,(63,652),(324,528),1,-1;4,(324,528),(505,563),-1,0
a	1,(271,508),0;2,(190,-12),0;14,(321,319),(271,508),(190,-12),0;4,(271,508),(243,391),0,-1;4,(190,-12),(348,0),-1,0;14,(338,51),(190,-12),(271,508),-1;4,(190,-12),(240,102),0,-1;4,(338,51),(321,144),0,-1;4,(321,319),(321,231),0,-1
b	1,(339,508),0;1,(65,701),5;2,(325,-12),0;14,(192,53),(325,-12),(339,508),-1;4,(325,-12),(180,0),-1,0;14,(208,453),(339,508),(325,-12),-1;4,(325,-12),(291,108),0,-1;4,(339,508),(297,388),0,-1;4,(208,453),(212,343),0,-1;4,(192,53),(212,140),0,-1
c	1,(294,508),0;2,(281,-12),0;4,(294,508),(303,389),0,-1;4,(281,-12),(298,107),0,-1
d	1,(245,508),0;1,(361,701),5;2,(242,-12),0;14,(367,456),(245,508),(242,-12),-1;4,(242,-12),(388,0),-1,0;14,(378,49),(242,-12),(245,508),-1;4,(242,-12),(280,108),0,-1;4,(378,49),(361,153),0,-1;4,(367,456),(361,356),0,-1;4,(245,508),(279,388),0,-1
e	1,(270,508),0;2,(287,-12),0;14,(178,205),(270,508),(287,-12),0;4,(287,-12),(307,100),0,-1;4,(178,205),(356,302),0,-1;4,(270,508),(273,396),0,-1
f	1,(237,496),0;1,(273,713),5;2,(237,0),0;4,(273,713),(294,597),0,-1;4,(237,496),(237,381),0,-1;4,(237,381),(90,381),-1,-1;4,(237,496),(90,495),-1,-1
g	1,(253,508),0;2,(242,-211),1;14,(250,93),(242,-211),(253,508),0;4,(250,93),(303,-19),0,-1;14,(105,19),(250,93),(303,-19),-1;14,(253,157),(253,508),(242,-211),0;4,(253,157),(253,246),0,-1;14,(115,200),(253,246),(253,157),-1;4,(253,508),(511,496),-1,0;4,(511,496),(511,389),0,-1;4,(253,508),(253,409),0,-1;4,(242,-211),(265,-119),0,-1
h	1,(358,508),0;1,(65,701),5;2,(65,0),0;14,(205,440),(358,508),(65,0),-1;4,(65,0),(365,0),-1,-1;4,(358,508),(304,383),0,-1;4,(205,440),(212,335),0,-1
i	1,(65,496),0;2,(65,0),0;4,(65,496),(138,569),-1,0;4,(138,569),(138,722),-1,-1
j	1,(66,496),0;2,(36,-196),1;4,(36,-196),(14,-81),0,-1;4,(66,496),(140,569),-1,0;4,(140,569),(140,722),-1,-1
k	1,(369,496),0;1,(65,701),5;2,(65,0),0;2,(383,0),0;14,(208,299),(65,701),(65,0),-1;14,(355,292),(369,496),(383,0),-1;14,(271,193),(65,701),(383,0),-1
l	1,(65,701),5;2,(200,-12),0;4,(200,-12),(238,107),0,-1
m	1,(65,496),0;2,(65,0),0;14,(195,432),(65,496),(65,0),-1;4,(65,496),(349,508),-1,0;14,(486,425),(65,496),(65,0),-1;4,(349,508),(642,508),-1,0;4,(65,0),(357,0),-1,0;4,(357,0),(650,0),-1,0;4,(642,508),(589,383),0,-1;4,(486,425),(504,335),0,-1;4,(349,508),(296,383),0,-1;4,(195,432),(212,335),0,-1
n	1,(65,496),0;2,(65,0),0;14,(195,433),(65,496),(65,0),-1;4,(65,496),(358,508),-1,0;4,(65,0),(365,0),-1,0;4,(358,508),(304,383),0,-1;4,(195,433),(212,335),0,-1
o	1,(278,508),0;2,(278,-12),0;4,(278,-12),(278,107),0,-1;4,(278,508),(278,389),0,-1
p	1,(340,508),0;2,(325,-12),0;2,(65,-184),1;4,(340,508),(65,496),-1,0;14,(195,447),(340,508),(325,-12),-1;14,(207,40),(325,-12),(340,508),-1;4,(325,-12),(291,108),0,-1;4,(340,508),(297,388),0,-1;4,(195,447),(212,343),0,-1;4,(207,40),(212,140),0,-1
q	1,(245,508),0;2,(242,-12),0;14,(367,43),(242,-12),(245,508),-1;14,(377,447),(245,508),(242,-12),-1;4,(245,508),(508,496),-1,0;4,(242,-12),(280,108),0,-1;4,(367,43),(361,153),0,-1;4,(377,447),(361,356),0,-1;4,(245,508),(279,388),0,-1
r	1,(65,496),0;2,(65,0),0;14,(195,409),(65,496),(65,0),-1;4,(65,496),(340,508),-1,0;4,(340,508),(321,379),-2,-1;4,(195,409),(212,288),0,-1
s	1,(236,508),0;2,(211,-12),0;4,(211,-12),(215,97),0,-1;14,(177,207),(211,-12),(236,508),-1;4,(236,508),(240,399),0,-1;14,(281,297),(236,508),(211,-12),-1
t	8,(232,628),2;1,(93,496),0;2,(256,-12),0;4,(93,496),(85,381),0,-1;4,(93,496),(351,496),-1,-1;4,(85,381),(351,381),-1,-1;4,(256,-12),(296,103),0,-1
u	1,(60,496),0;2,(214,-12),0;4,(214,-12),(269,113),0,-1;14,(373,69),(60,496),(214,-12),-1;4,(373,69),(357,168),0,-1;4,(60,496),(357,496),-1,-1;4,(214,-12),(504,0),-1,0
v	1,(12,496),0;1,(370,496),0;2,(179,0),0;14,(263,109),(12,496),(179,0),-1
w	1,(24,496),0;2,(148,0),0;14,(240,119),(148,0),(24,496),-1;4,(24,496),(328,496),-1,-1;4,(148,0),(461,0),-1,-1;4,(328,496),(616,496),-1,-1;14,(542,119),(461,0),(616,496),-1;14,(385,343),(24,496),(316,0),-1
x	1,(23,496),0;2,(14,0),0;4,(23,496),(339,496),-1,-1;4,(14,0),(342,0),-1,-1;14,(267,331),(339,496),(342,0),-1;14,(243,168),(23,496),(14,0),-1
y	1,(12,496),0;2,(120,-194),1;4,(120,-194),(109,-78),0,-1;14,(203,13),(120,-194),(12,496),-1;14,(270,142),(12,496),(120,-194),-1;4,(12,496),(368,496),-1,-1
z	1,(61,496),0;2,(436,0),0;4,(436,0),(221,115),0,-1;4,(221,115),(38,79),-1,0;4,(61,496),(246,381),0,-1;4,(246,381),(429,418),-1,0
Aogonek	1,(198,652),4;2,(144,0),0;6,(496,-223),(528,-128),-2;14,(281,540),(144,0),(198,652),-1;14,(184,155),(144,0),(198,652),0;4,(184,155),(214,270),0,-1;4,(144,0),(423,0),-1,-1;4,(423,0),(579,0),-1,-1
AE	1,(296,652),4;2,(-14,0),0;2,(386,0),0;14,(382,541),(296,652),(-14,0),-1;14,(386,149),(296,652),(-14,0),0;4,(386,149),(261,263),0,-1;4,(386,0),(793,124),1,-1;4,(296,652),(783,528),1,-1;14,(533,274),(296,652),(386,0),0;4,(533,274),(744,397),0,-1
Bstroke	1,(100,652),4;2,(342,0),0;4,(342,0),(330,105),0,-1;4,(330,105),(374,175),-1,-1;4,(374,175),(374,246),-1,-1;4,(374,246),(330,310),-1,-1;4,(330,310),(317,397),-1,-1;4,(100,652),(318,546),0,-1;14,(454,362),(317,397),(330,310),-1;4,(374,175),(100,175),-1,-1;4,(374,246),(100,246),-1,-1
Eogonek	1,(77,652),4;2,(77,0),0;6,(411,-223),(446,-128),-1;4,(77,652),(485,528),1,-1;14,(224,274),(77,652),(77,0),0;4,(224,274),(446,397),0,-1;4,(77,0),(495,124),1,-1;4,(77,0),(495,0),-1,-1
Ghook	1,(364,664),4;2,(365,-12),0;6,(590,703),(559,818),0;4,(364,664),(369,537),1,-1;4,(365,-12),(380,115),1,-1;14,(342,247),(364,664),(365,-12),0;4,(342,247),(580,367),0,-1
Hbar	1,(244,652),4;2,(244,0),0;14,(244,401),(244,652),(244,0),0;4,(244,401),(244,486),-2,-1;4,(244,486),(617,486),-1,-1;4,(244,0),(617,0),-1,-1;4,(244,401),(244,272),0,-1;4,(244,486),(97,486),-1,-1;4,(244,486),(244,557),0,-1;4,(244,557),(97,557),-1,-1;4,(244,652),(617,652),-1,-1;4,(244,557),(617,557),-1,-1
Iogonek	1,(77,652),4;2,(77,0),0;6,(157,-223),(191,-128),-1;4,(77,0),(224,0),-1,-1
Lslash	1,(231,652),4;2,(84,0),0;14,(84,210),(84,0),(231,652),0;4,(84,210),(84,324),0,-1;4,(84,324),(231,392),-1,-1;4,(84,210),(231,278),-1,-1;4,(84,0),(231,124),1,-1
Oslash	1,(343,664),4;2,(343,-12),0;14,(178,36),(343,664),(343,-12),-1;4,(178,36),(264,143),-2,-1;4,(343,-12),(343,115),1,-1;14,(518,611),(343,664),(343,-12),-1;4,(518,611),(584,540),-2,-1;4,(584,540),(479,410),-2,-1;4,(518,611),(431,503),-2,-1;4,(343,664),(343,537),1,-1;4,(178,36),(109,103),-2,-1;4,(109,103),(211,230),-2,-1
OE	1,(381,652),4;2,(373,0),0;4,(381,652),(390,533),1,-1;4,(390,533),(808,528),-1,-1;14,(561,274),(381,652),(373,0),0;4,(561,274),(769,397),0,-1;4,(373,0),(390,119),1,-1;4,(390,119),(818,124),-1,-1
Ohorn	1,(343,664),4;2,(343,-12),0;4,(343,-12),(343,115),1,-1;4,(343,664),(343,537),1,-1;14,(550,584),(343,664),(343,537),-1;4,(550,584),(482,633),-1,-1
Oogonek	1,(342,664),4;2,(316,-10),0;6,(368,-223),(402,-128),-2;4,(316,-10),(431,-5),-1,-1;4,(316,-10),(342,115),1,-1;4,(342,664),(342,537),1,-1
Germandbls	1,(361,664),4;2,(463,-12),0;4,(463,-12),(445,107),1,-1;14,(364,275),(361,664),(463,-12),-1;4,(361,664),(357,545),1,-1;4,(463,-12),(80,0),-1,0;14,(501,359),(364,275),(354,361),-1
Tbar	1,(25,652),4;2,(204,0),0;6,(86,285),(204,356),0;4,(204,356),(470,356),-1,-1;4,(86,285),(470,285),-1,-1;4,(25,652),(531,528),1,-1
Uogonek	1,(73,652),4;2,(307,-10),0;6,(357,-223),(392,-128),-1;4,(307,-10),(334,115),1,-1;4,(73,652),(449,652),-1,-1;4,(307,-10),(421,-5),-1,-1
Uhorn	1,(73,652),4;2,(334,-12),0;4,(73,652),(449,652),-1,-1;4,(449,652),(591,598),-2,-1;4,(334,-12),(334,115),1,-1
Eth	1,(102,652),4;2,(102,0),0;4,(102,0),(277,119),1,-1;4,(102,652),(277,533),1,-1;14,(374,301),(102,652),(102,0),0;4,(374,301),(374,372),0,-1;4,(374,301),(26,301),-1,-1;4,(374,372),(26,367),-1,-1
Thorn	1,(77,652),4;2,(77,0),0;6,(224,123),(224,240),1;6,(224,436),(224,553),1
Schwa	1,(340,664),4;2,(336,-12),0;6,(201,264),(481,372),0;4,(336,-12),(336,108),1,-1;4,(340,664),(323,543),1,-1
Eng	1,(396,664),4;2,(412,-12),0;4,(412,-12),(395,125),1,-1;4,(396,664),(352,537),1,-1;14,(219,582),(412,-12),(396,664),-1;4,(219,582),(224,455),0,-1;4,(412,-12),(77,0),-1,0;4,(396,664),(77,652),-1,0
IJ	1,(77,652),4;1,(378,652),4;2,(224,0),0;6,(348,-182),(325,-66),1
aogonek	1,(271,508),0;2,(190,-12),0;6,(387,-210),(422,-123),-2;4,(190,-12),(468,0),-1,0;4,(468,0),(350,-2),-1,-1;14,(338,51),(271,508),(190,-12),-1;14,(321,319),(271,508),(190,-12),0;4,(271,508),(243,391),0,-1;4,(190,-12),(240,102),0,-1;4,(338,51),(321,144),0,-1;4,(321,319),(321,231),0,-1
ae	1,(267,508),0;2,(194,-12),0;14,(323,320),(267,508),(194,-12),0;4,(267,508),(246,391),0,-1;4,(194,-12),(556,-12),-1,-1;14,(405,433),(267,508),(556,-12),-1;4,(267,508),(552,508),-1,-1;14,(457,205),(552,508),(556,-12),0;4,(194,-12),(244,102),0,-1;4,(244,102),(576,103),-1,-1;14,(385,65),(194,-12),(552,508),-1;4,(385,65),(337,144),0,-1;4,(323,320),(322,231),0,-1;4,(457,205),(624,295),0,-1;4,(246,391),(547,396),-1,-1
bstroke	1,(65,701),5;2,(325,-12),0;4,(65,701),(65,626),-2,-1;4,(65,626),(65,556),0,-1;4,(65,556),(339,460),-2,-1;14,(192,53),(325,-12),(339,460),-1;4,(192,53),(212,140),0,-1;4,(325,-12),(291,108),0,-1;4,(339,460),(297,339),0,-1;14,(208,405),(339,460),(325,-12),-1;4,(208,405),(212,295),0,-1;4,(325,-12),(65,0),-1,0;4,(65,626),(381,627),-1,-1;4,(65,556),(381,556),-1,-1
dcroat	1,(361,701),5;2,(242,-12),0;4,(361,701),(361,627),-2,-1;4,(361,627),(361,556),0,-1;4,(361,556),(245,460),-2,-1;14,(367,408),(245,460),(242,-12),-1;4,(367,408),(361,308),0,-1;4,(245,460),(279,339),0,-1;4,(242,-12),(280,108),0,-1;14,(376,44),(242,-12),(245,460),-1;4,(376,44),(361,153),0,-1;4,(361,556),(508,557),-1,-1;4,(242,-12),(508,0),-1,0;4,(361,627),(508,627),-1,-1
eogonek	1,(270,508),0;2,(287,-12),0;6,(362,-210),(398,-123),-1;14,(178,205),(270,508),(287,-12),0;4,(287,-12),(307,100),0,-1;4,(178,205),(356,302),0,-1;4,(270,508),(273,396),0,-1
hbar	1,(65,701),5;2,(65,0),0;4,(65,701),(65,626),-1,0;4,(65,626),(65,556),0,-1;4,(65,556),(381,556),-1,-1;4,(381,556),(358,460),-1,-1;14,(205,391),(358,460),(65,0),-1;4,(65,0),(365,0),-1,-1;4,(358,460),(304,334),0,-1;4,(205,391),(212,286),0,-1;4,(65,626),(381,627),-1,-1
iogonek	1,(65,496),0;2,(65,0),0;6,(147,-210),(183,-123),-1;4,(65,0),(212,0),-1,-1;4,(65,496),(138,569),-2,-1;4,(138,569),(138,722),-2,-1
iogonek.d	1,(65,496),0;2,(65,0),0;6,(147,-210),(183,-123),-1;4,(65,0),(212,0),-1,-1
dotlessi	1,(65,496),0;2,(212,0),0
kgreenlandic	1,(65,496),0;2,(65,0),0;14,(212,296),(65,496),(65,0),-1;4,(65,496),(369,496),-1,-1;4,(65,0),(383,0),-1,-1;14,(359,292),(65,496),(383,0),-1;14,(271,189),(65,496),(65,0),-1
lslash	1,(75,701),5;2,(210,-12),0;6,(75,276),(75,395),0;4,(210,-12),(248,107),0,-1;4,(75,395),(222,467),-1,-1;4,(75,276),(222,348),-1,-1
oslash	1,(278,508),0;2,(278,-12),0;14,(220,122),(278,-12),(278,508),-1;4,(278,-12),(278,102),0,-1;14,(334,375),(278,508),(278,-12),-1;4,(334,375),(370,308),-1,-1;4,(278,508),(278,394),0,-1;4,(220,122),(185,189),-1,-1;14,(462,422),(370,308),(278,508),-1;14,(144,28),(278,-12),(185,189),-1;14,(93,75),(185,189),(278,-12),-1;14,(410,469),(278,508),(370,308),-1
oe	1,(270,508),0;2,(267,-12),0;4,(270,508),(588,508),-1,-1;14,(493,205),(270,508),(267,-12),0;4,(267,-12),(270,107),0,-1;4,(270,107),(612,103),-1,-1;4,(267,-12),(592,-12),-1,-1;4,(270,508),(270,389),0,-1;4,(493,205),(660,295),0,-1;4,(270,389),(583,396),-1,-1
oogonek	1,(278,508),0;2,(246,-10),0;6,(297,-210),(332,-123),-2;4,(246,-10),(357,0),-1,-1;4,(246,-10),(278,107),0,-1;4,(278,508),(278,389),0,-1
germandbls	1,(302,711),5;2,(421,-12),0;4,(421,-12),(416,97),0,-1;14,(471,145),(302,711),(421,-12),-1;14,(295,350),(302,711),(421,-12),-1;4,(302,711),(302,595),0,-1;4,(421,-12),(65,0),-1,0;14,(429,368),(421,-12),(302,711),-1;14,(605,152),(421,-12),(302,711),-1
tbar	8,(232,628),2;1,(93,496),0;2,(256,-12),0;6,(85,223),(85,293),0;4,(93,496),(85,381),0,-1;4,(93,496),(351,496),-1,-1;4,(85,381),(351,381),-1,-1;4,(85,293),(351,294),-1,-1;4,(85,223),(351,223),-1,-1;4,(256,-12),(296,103),0,-1
uogonek	1,(60,496),0;2,(214,-12),0;6,(423,-210),(458,-123),-1;4,(214,-12),(386,-2),-1,-1;14,(373,69),(60,496),(214,-12),-1;4,(214,-12),(269,113),0,-1;4,(373,69),(357,168),0,-1;4,(60,496),(357,496),-1,-1;4,(386,-2),(504,0),-1,0
uhorn	1,(60,496),0;1,(403,496),0;2,(214,-12),0;2,(384,0),0;4,(403,496),(504,451),-2,-1;4,(214,-12),(269,113),0,-1
eth	1,(176,740),5;2,(273,-12),0;4,(273,-12),(278,107),0,-1;4,(176,740),(202,598),-1,-1;4,(202,598),(266,546),0,-1;4,(266,546),(124,475),-1,-1;4,(124,475),(245,455),-1,-1;4,(245,455),(275,346),0,-1;4,(266,546),(375,601),-1,-1;4,(202,598),(314,655),-1,-1
thorn	1,(65,701),5;1,(332,508),0;2,(65,-184),1;2,(325,-12),0;14,(208,459),(332,508),(325,-12),-1;14,(208,35),(325,-12),(332,508),-1;4,(325,-12),(291,108),0,-1;4,(332,508),(297,388),0,-1;4,(208,459),(212,343),0,-1;4,(208,35),(212,140),0,-1
eng	1,(358,508),0;2,(65,0),0;6,(335,-187),(312,-71),0;4,(358,508),(304,383),0,-1;14,(195,433),(358,508),(65,0),-1;4,(195,433),(212,335),0,-1;4,(358,508),(65,496),-1,0
dotlessj	1,(66,496),0;2,(36,-196),1;4,(36,-196),(14,-81),0,-1
ij	1,(65,496),0;2,(65,0),0;2,(312,-196),1;4,(65,496),(138,569),-1,-1;4,(138,569),(138,722),-1,-1;4,(312,-196),(290,-81),0,-1;4,(65,496),(342,496),-1,-1;4,(138,569),(416,569),-1,-1;4,(416,569),(416,722),-1,-1
aturned	1,(350,508),0;2,(277,-12),0;4,(350,508),(58,496),-1,0;14,(193,435),(277,-12),(350,508),-1;14,(205,175),(350,508),(277,-12),0;4,(277,-12),(299,105),0,-1;4,(205,175),(205,265),0,-1;4,(350,508),(294,394),0,-1;4,(193,435),(205,342),0,-1
alphalatinturned	1,(340,508),0;2,(325,-12),0;14,(196,49),(325,-12),(340,508),-1;4,(325,-12),(65,0),-1,0;4,(340,508),(65,496),-1,0;14,(195,447),(340,508),(325,-12),-1;4,(325,-12),(291,108),0,-1;4,(340,508),(297,388),0,-1;4,(195,447),(212,343),0,-1;4,(196,49),(212,140),0,-1
bhook	8,(196,52),0;1,(339,492),0;1,(269,713),5;2,(325,-12),0;14,(192,52),(325,-12),(339,492),-1;4,(325,-12),(65,0),-1,0;4,(269,713),(290,597),0,-1;14,(208,437),(339,492),(325,-12),-1;4,(325,-12),(291,108),0,-1;4,(339,492),(297,371),0,-1;4,(208,437),(212,327),0,-1;4,(196,52),(212,140),0,-1
oopen	1,(192,508),0;2,(186,-12),0;4,(186,-12),(170,107),0,-1;4,(192,508),(175,389),0,-1
ccurl	1,(294,508),0;2,(289,-12),0;4,(289,-12),(294,100),0,-1;4,(294,100),(311,175),-2,-1;4,(311,175),(323,272),0,-1;14,(231,122),(323,272),(289,-12),-1;4,(294,508),(303,396),0,-1;14,(181,215),(323,272),(289,-12),-1;14,(169,14),(289,-12),(323,272),-1;14,(79,93),(289,-12),(323,272),-1
dtail	1,(245,508),0;1,(361,713),5;2,(242,-12),0;6,(528,-187),(551,-71),0;14,(367,43),(242,-12),(245,508),-1;14,(367,456),(245,508),(242,-12),-1;4,(242,-12),(280,108),0,-1;4,(367,43),(361,153),0,-1;4,(367,456),(361,356),0,-1;4,(245,508),(279,388),0,-1
dhook	1,(538,713),5;1,(245,508),0;2,(242,-12),0;14,(367,456),(245,508),(242,-12),-1;4,(538,713),(561,598),0,-1;4,(242,-12),(508,0),-1,0;14,(378,49),(242,-12),(245,508),-1;4,(242,-12),(280,108),0,-1;4,(378,49),(361,153),0,-1;4,(367,456),(361,356),0,-1;4,(245,508),(279,388),0,-1
ereversed	1,(258,508),0;2,(235,-12),0;4,(235,-12),(215,100),0,-1;14,(339,205),(258,508),(235,-12),0;4,(258,508),(253,396),0,-1;4,(339,205),(162,302),0,-1
alphalatin	1,(248,508),0;2,(242,-12),0;14,(377,447),(248,508),(242,-12),-1;4,(248,508),(508,496),-1,0;4,(242,-12),(508,0),-1,0;14,(378,49),(242,-12),(248,508),-1;4,(242,-12),(280,108),0,-1;4,(378,49),(361,153),0,-1;4,(377,447),(361,356),0,-1;4,(248,508),(279,388),0,-1
schwa	1,(250,508),0;2,(249,-12),0;14,(339,293),(250,508),(249,-12),0;4,(250,508),(225,396),0,-1;4,(249,-12),(246,100),0,-1;4,(339,293),(162,196),0,-1
schwahookrhotic	1,(244,508),0;2,(260,-12),0;6,(651,226),(657,310),-2;6,(325,340),(346,243),0;4,(260,-12),(255,98),0,-1;4,(346,243),(477,300),-2,-1;4,(244,508),(224,396),0,-1;4,(325,340),(448,392),-2,-1
eopen	1,(271,508),0;2,(269,-12),0;6,(350,205),(350,302),0;14,(150,264),(350,205),(350,302),-1;4,(271,508),(279,396),0,-1;4,(269,-12),(283,100),0,-1
eopenreversed	1,(215,508),0;2,(216,-12),0;6,(210,205),(194,302),0;4,(216,-12),(193,100),0,-1;4,(215,508),(198,396),0,-1;14,(326,260),(210,205),(194,302),-1
eopenreversedclosed	1,(270,508),0;2,(270,-12),0;6,(305,205),(305,302),0;14,(150,264),(305,205),(305,302),-1;4,(270,-12),(270,100),0,-1;4,(270,508),(274,396),0,-1
dotlessjstroke	1,(86,496),0;2,(56,-196),1;6,(304,223),(304,294),0;4,(56,-196),(34,-81),0,-1;4,(304,223),(86,223),-1,-1;4,(304,294),(12,288),-1,0
ghook	1,(253,508),0;2,(261,-194),1;6,(543,653),(566,538),0;6,(247,13),(285,131),0;4,(261,-194),(261,-79),0,-1;14,(370,63),(247,13),(253,508),-1;14,(370,456),(253,508),(247,13),-1;4,(370,63),(366,178),0,-1;4,(370,456),(366,356),0,-1;4,(253,508),(284,388),0,-1
gscript	1,(253,508),0;2,(261,-194),1;6,(247,13),(285,131),0;4,(261,-194),(261,-79),0,-1;14,(370,63),(253,508),(247,13),-1;14,(380,450),(253,508),(247,13),-1;4,(253,508),(513,496),-1,0;4,(370,63),(366,178),0,-1;4,(380,450),(366,356),0,-1;4,(253,508),(284,388),0,-1
Gsmall	1,(291,508),0;2,(288,-12),0;4,(291,508),(301,396),0,-1;4,(288,-12),(299,100),0,-1;14,(266,199),(291,508),(288,-12),1;4,(266,199),(475,297),0,-1
gammalatin	1,(12,496),0;2,(265,-211),1;14,(261,25),(265,-211),(12,496),-1;4,(265,-211),(265,-119),0,-1;14,(360,88),(261,25),(267,170),-1;14,(263,170),(12,496),(265,-211),-1;14,(169,87),(263,170),(261,25),-1;4,(12,496),(370,496),-1,-1
ramshorn	1,(124,508),0;2,(285,-12),0;14,(285,429),(124,508),(285,-12),-1;14,(285,282),(124,508),(285,-12),-1;14,(185,348),(285,429),(285,282),-1;4,(124,508),(104,389),0,-1;4,(124,508),(445,508),-1,-1;4,(104,389),(465,389),-1,-1;14,(384,348),(285,282),(285,429),-1;4,(285,-12),(285,107),0,-1
hturned	1,(60,496),0;2,(214,-12),0;2,(360,-184),1;14,(367,61),(60,496),(360,-184),-1;4,(214,-12),(269,113),0,-1;4,(367,61),(360,168),0,-1;4,(60,496),(360,496),-1,-1
hhook	1,(269,713),5;1,(358,492),0;2,(65,0),0;4,(269,713),(290,597),0,-1;14,(205,423),(269,713),(65,0),-1;4,(65,0),(365,0),-1,-1;4,(358,492),(304,366),0,-1;4,(205,423),(212,318),0,-1
henghook	1,(269,713),5;1,(358,492),0;2,(65,0),0;6,(335,-187),(312,-71),0;4,(358,492),(304,366),0,-1;14,(205,423),(269,713),(65,0),-1;4,(205,423),(212,318),0,-1;4,(269,713),(290,597),0,-1
Hsmall	1,(67,496),0;2,(67,0),0;6,(373,189),(373,317),1;4,(67,496),(373,496),-1,-1;4,(67,0),(373,0),-1,-1
istroke	1,(87,496),0;2,(87,0),0;6,(87,294),(87,223),0;4,(87,496),(160,569),-2,-1;4,(160,569),(160,722),-2,-1;4,(87,223),(304,223),-1,-1;4,(87,294),(304,294),-1,-1
Ismall	1,(52,496),0;2,(52,0),0;4,(52,0),(124,115),0,-1;4,(52,496),(124,381),0,-1;4,(124,381),(343,381),-1,-1;4,(124,115),(343,115),-1,-1
jcrossedtail	1,(149,496),0;2,(103,-196),1;4,(149,496),(222,569),-2,-1;4,(222,569),(222,722),-2,-1;4,(103,-196),(99,-84),0,-1;4,(99,-84),(98,-12),-2,-1;4,(98,-12),(100,85),-2,-1;14,(148,-32),(100,85),(103,-196),-1;14,(243,-139),(103,-196),(100,85),-1;14,(149,77),(100,85),(103,-196),-1;14,(294,-19),(103,-196),(100,85),-1
lbelt	1,(145,701),5;2,(280,-12),0;6,(292,292),(292,363),-2;4,(292,363),(145,363),-1,-1;4,(145,363),(98,425),-1,-1;4,(280,-12),(318,107),0,-1;4,(292,292),(145,292),-1,-1;4,(98,425),(92,494),-2,-1
lretroflex	1,(65,701),5;6,(232,-187),(255,-71),0
lezh	1,(212,496),0;1,(65,701),5;2,(390,-196),1;2,(65,0),0;14,(446,222),(390,-196),(212,496),-1;4,(390,-196),(373,-77),0,-1;4,(446,222),(375,122),0,-1;4,(212,496),(420,381),0,-1
Lsmall	1,(65,496),0;2,(406,0),0;4,(406,0),(212,115),0,-1
mturned	1,(63,496),0;2,(218,-12),0;4,(218,-12),(272,113),0,-1;14,(374,72),(63,496),(218,-12),-1;4,(374,72),(356,161),0,-1;4,(63,496),(356,496),-1,-1;4,(272,113),(564,113),-1,-1;4,(218,-12),(511,-12),-1,-1;14,(665,64),(356,496),(511,-12),-1;4,(665,64),(649,161),0,-1;4,(356,496),(649,496),-1,-1;4,(511,-12),(796,0),-1,0
mlonglegturned	1,(63,496),0;2,(218,-12),0;2,(649,-184),1;4,(63,496),(356,496),-1,-1;4,(218,-12),(511,-12),-1,-1;14,(656,60),(356,496),(511,-12),-1;14,(374,72),(63,496),(218,-12),-1;4,(218,-12),(272,113),0,-1;4,(374,72),(356,161),0,-1;4,(272,113),(564,113),-1,-1;4,(656,60),(649,161),0,-1;4,(356,496),(649,496),-1,-1
mhook	1,(349,508),0;2,(65,0),0;6,(628,-187),(606,-71),0;4,(349,508),(296,383),0,-1;4,(296,383),(589,383),-1,-1;4,(349,508),(642,508),-1,-1;4,(65,0),(357,0),-1,-1;14,(486,425),(642,508),(357,0),-1;4,(486,425),(504,335),0,-1;14,(195,432),(349,508),(65,0),-1;4,(195,432),(212,335),0,-1;4,(349,508),(65,496),-1,0
nhookleft	1,(358,508),0;2,(365,0),0;6,(45,-187),(22,-71),0;4,(358,508),(65,496),-1,0;14,(195,433),(358,508),(365,0),-1;4,(358,508),(304,383),0,-1;4,(195,433),(212,335),0,-1
nretroflex	1,(358,508),0;2,(65,0),0;6,(532,-187),(555,-71),0;4,(358,508),(304,383),0,-1;14,(195,433),(358,508),(65,0),-1;4,(195,433),(212,335),0,-1;4,(358,508),(65,496),-1,0
Nsmall	1,(65,496),0;2,(65,0),0;4,(65,496),(359,496),-1,-1;4,(65,0),(361,0),-1,-1;14,(371,183),(359,496),(361,0),-1;14,(189,313),(65,496),(65,0),-1
obar	1,(278,508),0;2,(278,-12),0;14,(176,205),(278,508),(278,-12),0;4,(278,-12),(278,98),0,-1;4,(176,205),(377,302),0,-1;4,(278,508),(278,399),0,-1
OEsmall	1,(291,508),0;2,(291,-12),0;4,(291,508),(298,390),0,-1;4,(298,390),(690,389),-1,0;14,(485,205),(291,508),(291,-12),0;4,(485,205),(659,302),0,-1;4,(291,-12),(298,104),0,-1;4,(298,104),(700,105),-1,0
philatin	1,(302,504),0;1,(302,701),5;2,(302,-8),0;2,(302,-184),1;4,(302,-8),(302,102),0,-1;4,(302,102),(436,102),-1,-1;4,(302,504),(302,394),0,-1;4,(302,394),(436,394),-1,-1;4,(302,504),(436,504),-1,-1;4,(302,-8),(436,-8),-1,-1
rturned	1,(187,496),0;2,(58,-12),0;4,(58,-12),(77,117),1,-1;14,(203,87),(187,496),(58,-12),-1;4,(203,87),(187,209),1,-1;4,(58,-12),(334,0),-1,0
rlonglegturned	1,(187,701),5;2,(58,-12),0;4,(58,-12),(77,117),1,-1;14,(203,87),(58,-12),(187,701),-1;4,(203,87),(187,209),1,-1;4,(58,-12),(334,0),-1,0
rhookturned	1,(187,496),0;2,(58,-12),0;6,(354,-187),(376,-71),0;14,(203,87),(58,-12),(187,496),-1;4,(58,-12),(77,117),1,-1;4,(203,87),(187,209),1,-1
rtail	1,(340,508),0;6,(232,-187),(255,-71),0;4,(340,508),(65,496),-1,0;14,(195,409),(340,508),(232,-187),-1;4,(340,508),(321,379),1,-1;4,(195,409),(212,288),1,-1
rfishhook	1,(269,508),0;2,(65,0),0;4,(269,508),(290,381),0,-1
Rsmall	1,(65,496),0;2,(65,0),0;6,(265,162),(212,261),0;4,(65,496),(329,328),0,-1;4,(65,0),(354,0),-1,-1;14,(394,193),(265,162),(212,261),-1
Rsmallinverted	1,(15,496),0;2,(467,0),0;6,(320,236),(320,335),0;4,(467,0),(281,108),0,-1;14,(138,304),(320,236),(320,335),-1;4,(15,496),(320,496),-1,-1
shook	1,(236,508),0;2,(211,-12),0;4,(236,508),(240,399),0,-1;14,(281,297),(236,508),(211,-12),-1;4,(211,-12),(204,-75),-2,-1;4,(204,-75),(181,-187),0,-1;4,(211,-12),(215,97),0,-1;14,(177,207),(211,-12),(236,508),-1
esh	1,(253,713),5;2,(36,-196),1;4,(36,-196),(14,-81),0,-1;4,(253,713),(276,598),0,-1
dotlessjstrokehook	1,(273,713),5;2,(56,-196),1;6,(304,223),(304,294),-2;4,(273,713),(296,598),0,-1;4,(56,-196),(34,-81),0,-1;4,(304,223),(86,223),-1,-1;4,(304,294),(12,288),-1,0
tretroflex	1,(93,496),0;6,(256,-187),(296,-72),0;4,(93,496),(85,381),0,-1;4,(93,496),(351,496),-1,-1;4,(85,381),(351,381),-1,-1
ubar	1,(87,496),0;2,(241,-12),0;6,(87,339),(87,268),-2;4,(87,268),(384,268),-1,-1;4,(241,-12),(296,113),0,-1;14,(400,69),(87,496),(241,-12),-1;4,(400,69),(384,168),0,-1;4,(384,268),(601,268),-1,-1;4,(241,-12),(531,0),-1,0;4,(87,339),(384,339),-1,-1;4,(87,496),(384,496),-1,-1;4,(384,339),(601,339),-1,-1
upsilonlatin	1,(29,496),0;2,(279,-12),0;4,(29,496),(29,381),0,-1;4,(29,381),(243,401),-1,0;4,(279,-12),(279,107),0,-1;4,(29,381),(528,381),-1,-1;4,(528,381),(315,401),-1,0;4,(29,496),(528,496),-1,-1
vhook	1,(344,508),0;2,(273,-12),0;4,(344,508),(60,496),-1,0;4,(273,-12),(280,107),0,-1;4,(344,508),(312,394),0,-1
vturned	1,(174,496),0;2,(12,0),0;4,(12,0),(363,0),-1,-1;14,(256,387),(174,496),(363,0),-1
wturned	1,(143,496),0;2,(24,0),0;4,(24,0),(321,0),-1,-1;14,(387,153),(143,496),(321,0),-1;4,(143,496),(459,496),-1,-1;4,(321,0),(606,0),-1,-1;14,(532,377),(143,496),(606,0),-1;14,(230,377),(143,496),(24,0),-1
yturned	1,(410,713),5;2,(12,0),0;4,(410,713),(421,597),0,-1;14,(318,483),(12,0),(410,713),-1;4,(12,0),(362,0),-1,-1;14,(247,354),(410,713),(12,0),-1
Ysmall	1,(-8,496),0;2,(160,0),0;14,(232,271),(-8,496),(160,0),-1;4,(-8,496),(321,496),-1,-1
zretroflex	1,(61,496),0;2,(38,0),0;6,(446,-187),(469,-71),0;4,(38,0),(426,115),0,-1;4,(426,115),(38,79),-1,-1;4,(61,496),(246,381),0,-1;4,(246,381),(429,418),-1,-1
zcurl	1,(61,496),0;2,(38,0),0;4,(38,0),(211,115),0,-1;4,(211,115),(379,107),-1,-1;4,(379,107),(409,176),-2,-1;4,(409,176),(413,254),-2,-1;4,(38,0),(306,0),-1,-1;4,(306,0),(287,-82),-2,-1;4,(211,115),(38,79),-1,0;4,(61,496),(246,381),0,-1;4,(246,381),(419,418),-1,0
ezh	1,(38,496),0;2,(211,-196),1;4,(211,-196),(194,-77),0,-1;14,(196,122),(38,496),(211,-196),-1;4,(38,496),(241,381),0,-1;4,(196,122),(267,222),0,-1
glottalstop	1,(207,713),5;2,(129,0),0;4,(207,713),(191,594),0,-1
glottalstopreversed	1,(276,713),5;2,(197,0),0;4,(276,713),(292,594),0,-1
glottalstopstroke	1,(223,713),5;2,(144,0),0;6,(144,201),(162,317),0;4,(223,713),(207,594),0,-1;4,(162,317),(460,317),-1,-1;4,(144,201),(460,201),-1,-1
glottalstopstrokereversed	1,(264,713),5;2,(186,0),0;6,(17,201),(17,317),0;4,(264,713),(280,594),0,-1;4,(17,317),(390,317),-1,-1;4,(17,201),(466,201),-1,-1
clickalveolar	6,(120,330),(120,401),0;6,(120,134),(120,205),0;4,(120,205),(322,205),-1,-1;4,(120,134),(322,134),-1,-1;4,(120,401),(322,401),-1,-1;4,(120,330),(322,330),-1,-1
clickbilabial	1,(278,713),5;2,(278,-12),0;6,(278,290),(278,416),1;4,(278,-12),(278,107),0,-1;4,(278,713),(278,594),0,-1
f_f	1,(90,495),0;1,(278,703),5;2,(90,0),0;4,(278,703),(296,587),0,-1;4,(296,587),(610,597),-1,0;4,(90,495),(406,496),-1,-1;4,(406,496),(642,496),-1,-1;4,(90,495),(90,381),0,-1;4,(90,381),(406,381),-1,-1;4,(406,381),(642,381),-1,-1;4,(90,0),(406,0),-1,-1;4,(278,703),(589,713),-1,0
f_t	8,(537,628),2;1,(90,495),0;1,(273,713),5;2,(90,0),0;4,(90,0),(561,-12),-1,0;4,(90,495),(90,381),0,-1;4,(90,381),(390,381),-1,-1;4,(273,713),(294,597),0,-1;4,(90,495),(398,496),-1,-1;4,(398,496),(656,496),-1,-1;4,(390,381),(656,381),-1,-1;4,(561,-12),(601,103),0,-1
f_f_t	1,(589,713),5;1,(278,703),5;1,(688,695),5;1,(24,490),0;1,(237,496),0;1,(553,496),0;1,(853,496),0;2,(877,-12),0;4,(853,496),(706,381),0,-1;4,(706,381),(553,381),-1,-1;4,(553,381),(406,381),-1,-1;4,(406,381),(237,381),-1,-1;4,(237,381),(90,381),-1,-1;4,(90,381),(24,381),-1,-1;4,(278,703),(296,587),0,-1;4,(589,713),(610,597),0,-1;4,(24,381),(972,381),-1,-1;4,(972,381),(853,381),-1,-1;4,(877,-12),(917,103),0,-1
I.alt	1,(52,652),4;2,(52,0),0;4,(52,0),(344,124),0,-1;4,(344,124),(52,124),-1,-1;4,(52,652),(344,528),0,-1;4,(344,528),(52,528),-1,-1
Iogonek.alt	1,(52,652),4;2,(52,0),0;6,(204,-223),(239,-128),-1;4,(52,0),(52,124),0,-1;4,(52,652),(52,528),0,-1;4,(52,528),(344,528),-1,-1;4,(52,124),(344,124),-1,-1;4,(52,0),(344,0),-1,-1
Eng.alt	1,(77,652),4;2,(77,0),0;6,(414,-182),(392,-66),0;4,(77,0),(437,0),-1,-1;14,(203,467),(77,652),(77,0),-1;4,(77,652),(448,652),-1,-1;14,(462,184),(448,652),(444,0),-1
aogonek.alt	1,(248,508),0;2,(242,-12),0;6,(427,-210),(462,-123),-1;4,(242,-12),(390,-2),-1,-1;14,(378,49),(242,-12),(248,508),-1;14,(377,447),(248,508),(242,-12),-1;4,(248,508),(508,496),-1,0;4,(390,-2),(508,0),-1,0;4,(242,-12),(280,108),0,-1;4,(378,49),(361,153),0,-1;4,(377,447),(361,356),0,-1;4,(248,508),(279,388),0,-1
l.alt	1,(65,701),5;2,(212,0),0
lslash.alt	1,(75,701),5;2,(75,0),0;6,(75,276),(75,395),0;4,(75,276),(222,348),-1,-1;4,(75,395),(222,467),-1,-1
Gamma	1,(77,652),4;2,(224,0),0;4,(77,652),(488,528),1,-1
Delta	1,(232,652),4;2,(606,0),0;4,(606,0),(444,124),1,-1;14,(315,539),(232,652),(606,0),-1
Theta	1,(342,664),4;2,(342,-12),0;6,(440,272),(440,401),0;4,(342,-12),(342,115),1,-1;4,(342,664),(342,537),1,-1
Lambda	1,(189,652),4;2,(-7,0),0;4,(-7,0),(407,0),-1,-1;14,(273,513),(189,652),(407,0),-1
Xi	1,(63,652),4;2,(519,0),0;6,(450,274),(450,397),0;4,(519,0),(53,124),1,-1;4,(63,652),(509,528),1,-1
Pi	1,(77,652),4;2,(586,0),0;2,(224,0),0;4,(77,652),(439,528),1,-1
Sigma	1,(41,652),4;2,(515,0),0;4,(41,652),(488,528),1,-1;4,(515,0),(222,124),1,-1
Phi	8,(315,-22),1;8,(315,674),0;4,(315,-22),(315,65),-2,-1;4,(315,65),(315,177),1,-1;4,(315,177),(445,177),-1,-1;4,(315,674),(315,588),-2,-1;4,(315,588),(315,478),1,-1;4,(315,478),(445,478),-1,-1;4,(315,588),(445,588),-1,-1;4,(315,65),(445,65),-1,-1
Psi	1,(52,652),4;2,(445,0),0;14,(307,336),(52,652),(445,0),-1;4,(307,336),(307,219),1,-1;4,(307,219),(445,219),-1,-1;4,(52,652),(307,652),-1,-1;4,(307,336),(445,336),-1,-1;4,(307,652),(555,652),-1,-1
Omega	1,(356,664),4;2,(44,0),0;4,(44,0),(44,119),1,-1;4,(44,0),(400,0),-1,-1;4,(400,0),(667,119),1,-1;4,(667,119),(400,106),-1,0;4,(356,664),(356,537),1,-1;4,(44,119),(311,106),-1,0
alpha	1,(255,508),0;2,(235,-12),0;14,(396,409),(255,508),(235,-12),-1;4,(255,508),(557,496),-1,0;4,(235,-12),(504,-12),-1,0;4,(504,-12),(541,107),0,-1;14,(376,70),(235,-12),(255,508),-1;4,(235,-12),(270,108),0,-1;4,(376,70),(360,215),1,-1;4,(396,409),(367,301),0,-1;4,(255,508),(278,388),0,-1
beta	8,(64,-177),1;1,(296,713),5;2,(366,-12),0;14,(328,304),(296,713),(366,-12),-1;4,(328,304),(270,405),0,-1;14,(429,377),(328,304),(270,405),-1;14,(202,55),(366,-12),(270,405),-1;4,(366,-12),(323,108),0,-1;4,(296,713),(296,597),0,-1;4,(202,55),(201,169),0,-1
gamma	8,(185,-177),1;1,(-1,476),0;1,(149,508),0;1,(370,496),0;14,(282,166),(149,508),(185,-177),-1;14,(324,13),(185,-177),(370,496),-1
delta	1,(270,713),5;2,(273,-12),0;4,(273,-12),(276,107),0,-1;14,(289,355),(270,713),(273,-12),-1;4,(270,713),(270,604),0,-1;14,(364,453),(273,-12),(270,713),-1;4,(289,355),(192,422),-1,-1
epsilon	1,(270,508),0;2,(268,-12),0;6,(255,205),(271,302),0;14,(132,263),(255,205),(271,302),-1;4,(270,508),(278,396),0,-1;4,(271,302),(340,306),-1,0;4,(255,205),(340,201),-1,0;4,(268,-12),(282,100),0,-1
zeta	8,(389,-187),1;1,(72,701),5;2,(224,-8),0;4,(72,701),(279,594),0,-1;4,(279,594),(440,585),-1,0;4,(224,-8),(310,107),0,-1
eta	8,(353,-177),1;1,(357,508),0;2,(65,0),0;4,(357,508),(305,383),0,-1;14,(195,410),(357,508),(65,0),-1;4,(195,410),(212,311),0,-1;4,(357,508),(54,496),-1,0
theta	1,(275,713),5;2,(275,-12),0;6,(192,304),(192,401),0;4,(275,-12),(275,107),0,-1;4,(275,713),(275,594),0,-1
iota	1,(65,496),0;2,(206,-12),0;4,(206,-12),(244,107),0,-1
kappa	1,(53,496),0;2,(203,0),0;2,(551,0),0;2,(386,-11),0;4,(53,496),(491,508),-1,0;14,(260,198),(386,-11),(491,508),-1;14,(212,281),(386,-11),(491,508),-1;14,(356,290),(491,508),(551,0),-1
lambda	1,(150,713),5;2,(13,0),0;2,(172,-11),0;2,(390,0),0;4,(150,713),(133,589),0,-1;14,(289,334),(172,-11),(150,713),-1
mu	8,(65,-177),1;1,(65,496),0;2,(265,-7),0;4,(265,-7),(273,113),0,-1;14,(374,71),(65,496),(265,-7),-1;4,(374,71),(358,178),0,-1;4,(65,496),(358,496),-1,-1;4,(265,-7),(502,-12),-1,0;4,(502,-12),(540,107),0,-1
nu	1,(-1,476),0;1,(360,496),0;1,(149,508),0;2,(182,0),0;14,(276,150),(360,496),(182,0),-1
xi	8,(392,-187),1;1,(17,701),5;2,(228,-8),0;6,(313,310),(321,407),0;14,(179,369),(313,310),(321,407),-1;4,(17,701),(134,594),0,-1;4,(134,594),(17,585),-1,0;4,(134,594),(443,585),-1,0;4,(321,407),(394,416),-1,0;4,(313,310),(394,301),-1,0;4,(228,-8),(322,107),0,-1
omicron	1,(276,508),0;2,(276,-12),0;4,(276,-12),(276,107),0,-1;4,(276,508),(276,389),0,-1
pi	1,(92,496),0;2,(90,0),0;4,(90,0),(522,-12),-1,0;4,(92,496),(126,380),0,-1;4,(126,380),(263,380),-1,-1;4,(90,0),(237,-9),-1,0;4,(263,380),(519,380),-1,-1;4,(522,-12),(557,107),0,-1
rho	8,(61,-177),1;1,(298,508),0;2,(324,-12),0;14,(199,43),(324,-12),(298,508),-1;4,(324,-12),(289,108),0,-1;4,(298,508),(293,388),0,-1;4,(199,43),(199,148),0,-1
sigma	1,(278,496),0;2,(271,-12),0;4,(278,496),(273,377),0,-1;4,(273,377),(421,386),-1,0;4,(421,386),(561,375),-1,0;4,(271,-12),(273,107),0,-1
tau	1,(100,496),0;2,(311,-12),0;4,(100,496),(172,381),0,-1;4,(172,381),(466,381),-1,-1;4,(311,-12),(349,107),0,-1
upsilon	1,(451,508),0;1,(43,496),0;1,(309,477),0;2,(260,-12),0;4,(260,-12),(260,107),0,-1
phi	8,(302,-177),1;8,(436,628),2;1,(302,504),0;2,(302,-8),0;4,(302,-8),(302,102),0,-1;4,(302,102),(436,102),-1,-1;4,(302,504),(302,394),0,-1;4,(302,394),(436,394),-1,-1;4,(302,504),(436,504),-1,-1;4,(302,-8),(436,-8),-1,-1
chi	8,(8,-177),1;8,(540,-157),1;1,(8,476),0;1,(153,508),0;1,(360,496),0;14,(268,294),(153,508),(8,-177),-1;14,(272,48),(360,496),(540,-157),-1;14,(197,165),(268,294),(272,48),-1;14,(342,169),(272,48),(268,294),-1;4,(540,-157),(395,-189),-1,0;4,(8,-177),(160,-189),-1,0
psi	8,(307,628),2;8,(307,-177),1;1,(668,508),0;1,(44,496),0;1,(526,477),0;2,(307,-12),0;4,(307,-12),(441,-12),-1,-1;4,(307,-12),(307,103),0,-1;4,(307,103),(441,103),-1,-1
omega	8,(255,456),0;1,(117,508),0;2,(234,-12),0;4,(234,-12),(241,107),0,-1;4,(241,107),(497,107),-1,-1;4,(117,508),(630,508),-1,-1;4,(234,-12),(517,-12),-1,-1;14,(370,82),(117,508),(234,-12),-1
sigma.end	8,(349,-186),1;1,(283,508),0;6,(226,7),(287,125),0;4,(283,508),(292,389),0,-1
beta.alt	1,(287,711),5;2,(319,-12),0;4,(319,-12),(314,115),1,-1;14,(310,307),(287,711),(319,-12),-1;4,(287,711),(294,595),0,-1;4,(310,307),(203,385),0,-1;14,(402,377),(203,385),(310,307),-1
theta.alt	1,(248,713),5;2,(274,-12),0;14,(359,319),(248,713),(274,-12),-1;4,(359,319),(358,408),0,-1;4,(248,713),(255,594),0,-1;4,(274,-12),(279,107),0,-1
phi.alt	8,(304,-177),1;1,(493,508),0;1,(139,516),0;2,(304,-8),0;4,(304,-8),(304,101),0,-1;4,(304,101),(435,101),-1,-1;4,(493,508),(488,388),0,-1;4,(304,-8),(438,-8),-1,-1
kai	8,(421,-188),1;1,(491,508),0;2,(65,0),0;4,(491,508),(53,496),-1,0;14,(356,290),(53,496),(65,0),-1;4,(65,0),(384,-9),-1,-1;4,(384,-9),(551,0),-1,0;14,(260,198),(65,0),(53,496),-1;14,(208,281),(53,496),(65,0),-1
koppa	8,(208,-177),1;1,(276,508),0;2,(208,-2),0;4,(208,-2),(276,100),0,-1;4,(276,508),(276,389),0,-1;4,(208,-2),(349,-1),-1,-1
stigma	8,(382,-187),1;1,(298,496),0;2,(244,-10),0;4,(298,496),(464,375),0,-1;4,(464,375),(310,377),-1,-1;4,(244,-10),(312,110),0,-1
digamma	8,(65,-177),1;1,(65,496),0;6,(387,125),(387,222),0;4,(65,496),(407,381),0,-1
iotaadscript	8,(65,416),0;2,(209,-12),0;4,(209,-12),(248,107),0,-1
Be	1,(77,652),4;2,(318,0),0;4,(77,652),(522,528),1,-1;14,(224,289),(77,652),(318,0),-1;4,(224,289),(314,397),0,-1;4,(318,0),(303,114),1,-1
De	8,(26,-188),1;1,(577,652),4;2,(513,0),0;4,(577,652),(304,528),1,-1;4,(513,0),(13,124),1,-1;4,(13,124),(430,124),-1,-1;4,(430,124),(657,124),-1,-1;4,(26,-188),(513,-188),-1,-1
Zhe	1,(63,664),4;2,(2,0),0;6,(364,277),(364,396),0;4,(2,0),(364,0),-1,-1;4,(364,0),(708,0),-1,-1;4,(364,277),(571,277),-1,-1;14,(190,344),(364,396),(364,277),-1;4,(63,664),(62,526),1,-1;4,(63,664),(364,652),-1,0;4,(364,396),(562,396),-1,-1;4,(63,664),(805,664),-1,-1;4,(805,664),(806,526),1,-1;14,(677,343),(562,396),(571,277),-1
Ze	1,(269,664),4;2,(275,-12),0;6,(269,282),(249,391),0;4,(275,-12),(273,115),1,-1;4,(269,664),(264,537),1,-1;14,(417,344),(269,282),(249,391),-1
Icyr	1,(77,652),4;2,(77,0),0;14,(204,184),(77,652),(77,0),-1;4,(77,652),(443,652),-1,-1;4,(77,0),(454,0),-1,-1;14,(472,467),(443,652),(454,0),-1
Ka	1,(553,664),4;2,(77,0),0;6,(224,277),(224,396),0;4,(77,0),(469,0),-1,-1;4,(553,664),(77,652),-1,0;4,(553,664),(554,526),1,-1;14,(412,347),(224,396),(224,277),-1
El	1,(201,652),4;2,(66,-12),0;4,(66,-12),(44,126),1,-1;4,(66,-12),(433,0),-1,0;4,(201,652),(433,528),1,-1
Ucyr	1,(1,652),4;2,(158,-12),0;4,(158,-12),(150,121),1,-1;14,(292,306),(158,-12),(1,652),-1;4,(292,306),(222,170),1,-1;4,(1,652),(412,652),-1,-1
Ef	1,(318,664),4;2,(318,-12),0;4,(318,-12),(318,76),-2,-1;4,(318,76),(318,185),1,-1;4,(318,185),(445,185),-1,-1;4,(318,664),(318,578),-2,-1;4,(318,578),(318,469),1,-1;4,(318,469),(445,469),-1,-1;4,(318,578),(445,578),-1,-1;4,(318,76),(445,76),-1,-1
Tse	8,(512,-188),1;1,(77,652),4;2,(77,0),0;4,(77,0),(430,124),1,-1;4,(430,124),(657,124),-1,-1;4,(77,652),(430,652),-1,-1
Che	1,(60,652),4;2,(553,0),0;6,(307,257),(322,374),1;4,(60,652),(405,652),-1,-1
Sha	1,(77,652),4;2,(833,0),0;4,(833,0),(221,124),1,-1;4,(77,652),(385,652),-1,-1;4,(221,124),(526,124),-1,-1;4,(526,124),(689,124),-1,-1;4,(385,652),(689,652),-1,-1
Shcha	8,(769,-188),1;1,(77,652),4;2,(77,0),0;4,(77,0),(221,124),1,-1;4,(221,124),(526,124),-1,-1;4,(526,124),(913,124),-1,-1;4,(77,652),(385,652),-1,-1;4,(385,652),(689,652),-1,-1
Hard	1,(25,652),4;2,(439,0),0;6,(426,297),(434,414),1;4,(25,652),(216,528),1,-1;4,(439,0),(430,117),1,-1
Yeru	1,(77,652),4;2,(286,0),0;6,(277,297),(289,414),1;4,(286,0),(277,117),1,-1;4,(77,652),(629,652),-1,-1;4,(286,0),(629,0),-1,-1
Soft	1,(77,652),4;2,(306,0),0;6,(296,297),(308,414),1;4,(306,0),(297,117),1,-1
Ecyr	1,(242,664),4;2,(239,-12),0;4,(239,-12),(237,115),1,-1;14,(160,274),(242,664),(239,-12),0;4,(160,274),(385,397),0,-1;4,(242,664),(234,537),1,-1
Yu	1,(77,652),4;1,(616,664),4;2,(224,0),0;2,(616,-12),0;6,(336,272),(338,401),0;4,(616,-12),(616,115),1,-1;4,(616,664),(616,537),1,-1
Ya	1,(540,652),4;2,(540,0),0;2,(180,0),0;6,(392,235),(392,352),0;4,(540,652),(392,535),1,-1;14,(179,257),(392,235),(392,352),-1
Dje	1,(25,652),4;2,(472,-12),0;6,(429,408),(407,290),0;4,(472,-12),(454,105),1,-1;4,(472,-12),(184,0),-1,0;4,(25,652),(25,528),1,-1;4,(25,528),(539,528),-1,-1
Ieukran	1,(353,664),4;2,(349,-12),0;4,(353,664),(357,537),1,-1;14,(422,274),(353,664),(349,-12),0;4,(422,274),(422,397),0,-1;4,(349,-12),(355,115),1,-1
Yi.a	1,(77,652),4;2,(224,0),0;6,(74,700),(74,840),-2;4,(74,700),(227,700),-1,-1;4,(74,840),(227,840),-1,-1
Lje	1,(214,652),4;2,(79,-12),0;6,(574,297),(574,414),1;4,(79,-12),(426,0),-1,0;4,(426,0),(616,117),1,-1;4,(214,652),(426,528),1,-1;4,(79,-12),(58,126),1,-1
Nje	1,(77,652),4;2,(77,0),0;6,(587,414),(587,297),1;4,(77,0),(439,0),-1,-1;4,(439,0),(629,117),1,-1;14,(224,272),(77,652),(77,0),0;4,(224,272),(224,401),0,-1;4,(77,652),(439,652),-1,-1
Tshe	1,(25,652),4;2,(184,0),0;6,(420,408),(404,290),0;4,(184,0),(513,0),-1,-1;4,(25,652),(25,528),1,-1;4,(25,528),(539,528),-1,-1
Dzhe	8,(267,-188),1;1,(77,652),4;2,(267,0),0;4,(267,0),(586,0),-1,-1;4,(267,0),(439,124),1,-1;4,(77,652),(439,652),-1,-1
Yat	2,(144,0),0;6,(25,600),(25,483),0;6,(292,284),(292,388),0;4,(144,0),(328,114),1,-1;4,(25,600),(507,600),-1,-1;4,(25,483),(507,483),-1,-1
Fita	1,(342,664),4;2,(342,-12),0;6,(195,277),(197,394),0;4,(342,-12),(342,109),1,-1;4,(342,664),(342,543),1,-1
Izhitsa	1,(538,664),4;2,(190,0),0;4,(538,664),(-7,652),-1,0;14,(280,139),(-7,652),(190,0),-1;4,(538,664),(553,526),1,-1
Gheup	8,(498,824),2;1,(77,652),4;2,(224,0),0;4,(77,652),(488,528),1,-1
Ghestroke	1,(102,652),4;2,(249,0),0;4,(102,652),(249,528),1,-1;14,(374,283),(102,652),(249,0),0;4,(374,283),(374,354),0,-1;4,(374,283),(102,283),-1,-1;4,(374,354),(26,349),-1,0
Zhedescender	8,(748,-188),1;1,(63,664),4;2,(2,0),0;6,(297,277),(306,396),0;4,(2,0),(364,0),-1,-1;4,(364,0),(708,0),-1,-1;4,(708,0),(893,124),1,-1;4,(297,277),(571,277),-1,-1;14,(190,344),(306,396),(297,277),-1;4,(63,664),(62,526),1,-1;4,(63,664),(364,652),-1,0;4,(306,396),(562,396),-1,-1;4,(63,664),(805,664),-1,-1;4,(62,526),(806,526),-1,-1;14,(677,343),(571,277),(562,396),-1
Zedescender	8,(216,-188),1;1,(269,664),4;2,(216,-8),0;6,(182,282),(182,391),0;14,(417,344),(182,282),(182,391),-1;4,(216,-8),(358,-3),-1,-1;4,(216,-8),(273,115),1,-1;4,(269,664),(264,537),1,-1
Kadescender	8,(510,-188),1;1,(553,664),4;2,(77,0),0;6,(224,277),(224,396),0;4,(77,0),(469,0),-1,-1;4,(469,0),(654,124),1,-1;4,(553,664),(77,652),-1,0;4,(553,664),(554,526),1,-1;14,(412,347),(224,396),(224,277),-1
Endescender	8,(532,-188),1;1,(77,652),4;2,(77,0),0;4,(77,0),(449,0),-1,-1;4,(449,0),(676,124),1,-1;14,(224,272),(77,652),(77,0),0;4,(224,272),(449,401),0,-1;4,(77,652),(449,652),-1,-1
Esdescender	8,(279,-188),1;1,(354,664),4;2,(279,-5),0;4,(279,-5),(422,-3),-1,-1;4,(354,664),(357,537),1,-1;4,(279,-5),(355,115),1,-1
Ustraightstroke	1,(-8,652),4;2,(189,0),0;14,(164,286),(-8,652),(189,0),0;4,(164,286),(477,286),-1,-1;4,(164,286),(189,215),0,-1;4,(189,215),(477,215),-1,-1;4,(-8,652),(379,652),-1,-1;14,(261,358),(379,652),(189,0),-1
Hadescender	8,(452,-188),1;1,(22,652),4;2,(11,0),0;4,(11,0),(392,0),-1,-1;4,(392,0),(592,124),1,-1;14,(274,240),(22,652),(11,0),-1;14,(192,335),(290,424),(278,240),-1;4,(22,652),(388,652),-1,-1;14,(294,424),(392,0),(388,652),-1;14,(376,328),(278,240),(294,424),-1
Chedescender	8,(492,-188),1;1,(60,652),4;2,(492,0),0;6,(307,257),(322,374),1;4,(492,0),(632,124),1,-1;4,(60,652),(405,652),-1,-1
Shha	1,(77,652),4;2,(224,0),0;6,(307,305),(322,422),1;4,(224,0),(569,0),-1,-1
be	1,(355,701),5;2,(288,-12),0;6,(285,363),(329,471),0;4,(288,-12),(286,107),0,-1;14,(188,410),(329,471),(288,-12),-1;4,(188,410),(183,303),0,-1;4,(355,701),(386,565),1,-1
ve	1,(65,496),0;2,(288,0),0;6,(278,205),(266,302),0;14,(392,259),(278,205),(266,302),-1;4,(65,496),(267,399),0,-1;4,(288,0),(279,97),0,-1
ghe	1,(65,496),0;2,(212,0),0;4,(65,496),(406,381),0,-1
de	8,(25,-172),1;1,(123,496),0;2,(432,0),0;4,(432,0),(11,115),0,-1;4,(11,115),(346,115),-1,-1;4,(123,496),(346,381),0,-1;4,(346,115),(572,115),-1,-1;4,(25,-172),(432,-172),-1,-1
zhe	1,(72,508),0;2,(6,0),0;6,(271,313),(269,198),0;4,(6,0),(315,0),-1,-1;4,(315,0),(597,0),-1,-1;4,(269,198),(492,198),-1,-1;14,(164,257),(271,313),(269,198),-1;4,(72,508),(74,369),1,-1;4,(72,508),(689,508),-1,-1;4,(689,508),(315,496),-1,-1;4,(271,313),(490,313),-1,-1;4,(689,508),(687,369),1,-1;14,(597,257),(492,198),(490,313),-1
ze	1,(218,508),0;2,(220,-12),0;6,(222,205),(213,302),0;4,(220,-12),(206,100),0,-1;4,(218,508),(208,396),0,-1;14,(345,259),(222,205),(213,302),-1
icyr	1,(65,496),0;2,(65,0),0;14,(195,182),(65,496),(65,0),-1;4,(65,496),(384,496),-1,-1;4,(65,0),(376,0),-1,-1;14,(389,314),(376,0),(384,496),-1
ka	1,(463,508),0;2,(65,0),0;6,(212,313),(212,198),0;4,(65,0),(378,0),-1,-1;4,(463,508),(65,496),-1,-1;4,(463,508),(461,369),1,-1;14,(372,260),(212,313),(212,198),-1
el	1,(143,496),0;2,(65,-12),0;4,(65,-12),(55,127),1,-1;4,(65,-12),(362,0),-1,-1;4,(143,496),(362,381),0,-1
em	1,(65,496),0;2,(65,0),0;14,(330,215),(65,0),(65,496),-1;4,(65,496),(428,496),-1,-1;4,(65,0),(465,0),-1,-1;14,(480,341),(465,0),(428,496),-1;14,(290,43),(428,496),(465,0),-1;14,(178,341),(65,496),(65,0),-1
en	1,(65,496),0;2,(65,0),0;6,(212,317),(212,189),1;4,(65,496),(371,496),-1,-1;4,(65,0),(371,0),-1,-1
pe	1,(65,496),0;2,(65,0),0;4,(65,0),(362,0),-1,-1;4,(65,496),(362,381),0,-1
te	1,(26,496),0;2,(172,0),0;4,(26,496),(172,381),0,-1;4,(172,381),(466,381),-1,-1
ef	1,(318,701),5;1,(230,508),0;2,(318,-184),1;2,(230,-12),0;14,(322,18),(230,-12),(230,508),-1;14,(322,481),(230,508),(230,-12),-1;4,(230,508),(558,508),-1,-1;4,(230,-12),(545,-12),-1,-1;14,(456,477),(558,508),(545,-12),-1;14,(456,15),(545,-12),(558,508),-1;4,(230,-12),(269,108),0,-1;4,(322,18),(322,130),0,-1;4,(322,481),(322,369),0,-1;4,(230,508),(265,388),0,-1;4,(269,108),(511,108),-1,-1;4,(265,388),(514,388),-1,-1;4,(456,477),(456,367),0,-1;4,(456,15),(456,128),0,-1
tse	8,(443,-172),1;1,(65,496),0;2,(65,0),0;4,(65,0),(358,115),0,-1;4,(358,115),(583,115),-1,-1;4,(65,496),(358,496),-1,-1
che	1,(48,496),0;2,(485,0),0;6,(251,161),(283,276),0;4,(48,496),(338,496),-1,-1
sha	1,(65,496),0;2,(65,0),0;4,(65,0),(331,115),0,-1;4,(65,496),(331,496),-1,-1;4,(331,115),(593,115),-1,-1;4,(331,496),(593,496),-1,-1
shcha	8,(677,-172),1;1,(65,496),0;2,(65,0),0;4,(65,0),(331,115),0,-1;4,(331,115),(593,115),-1,-1;4,(593,115),(817,115),-1,-1;4,(65,496),(331,496),-1,-1;4,(331,496),(593,496),-1,-1
hard	1,(26,496),0;2,(375,0),0;6,(368,229),(375,338),0;4,(26,496),(175,381),0,-1;4,(375,0),(368,112),0,-1
yeru	1,(65,496),0;2,(65,0),0;6,(212,229),(212,338),0;4,(65,0),(241,112),0,-1;4,(65,496),(527,496),-1,-1;4,(65,0),(527,0),-1,-1
soft	1,(65,496),0;2,(267,0),0;6,(261,229),(267,338),0;4,(267,0),(261,112),0,-1
ecyr	1,(185,508),0;2,(187,-12),0;6,(291,205),(289,302),0;4,(187,-12),(170,100),0,-1;4,(185,508),(176,396),0,-1
yu	1,(65,496),0;1,(514,508),0;2,(212,0),0;2,(514,-12),0;6,(287,188),(288,316),1;4,(514,-12),(505,107),0,-1;4,(514,508),(505,389),0,-1
ya	1,(480,496),0;2,(15,0),0;6,(333,162),(333,261),-2;4,(480,496),(333,388),0,-1;4,(15,0),(333,0),-1,-1;14,(147,192),(333,261),(333,162),-1
dje	1,(65,701),5;2,(65,0),0;2,(302,-196),1;4,(65,701),(65,626),-2,-1;4,(65,626),(65,556),-2,-1;4,(65,556),(349,460),-2,-1;14,(205,392),(349,460),(65,0),-1;4,(302,-196),(287,-81),0,-1;4,(349,460),(294,334),0,-1;4,(205,392),(212,287),0,-1;4,(65,626),(381,627),-1,-1;4,(65,556),(381,556),-1,-1
ieukran	1,(293,508),0;2,(281,-12),0;6,(347,205),(347,302),0;4,(293,508),(293,396),0,-1;4,(281,-12),(298,100),0,-1
yi.a	1,(77,496),0;2,(77,0),0;4,(77,496),(72,571),-2,-1;4,(72,571),(72,710),-2,-1;4,(72,571),(227,571),-1,-1;4,(72,710),(227,710),-1,-1
lje	1,(136,496),0;2,(65,-12),0;6,(492,229),(492,338),0;4,(65,-12),(345,0),-1,0;4,(345,0),(525,112),0,-1;4,(136,496),(345,381),0,-1;4,(65,-12),(56,127),1,-1
nje	1,(65,496),0;2,(65,0),0;6,(212,317),(212,189),1;6,(500,338),(500,229),0;4,(65,0),(353,0),-1,-1;4,(353,0),(533,112),0,-1;4,(65,496),(353,496),-1,-1
dzhe	8,(222,-172),1;1,(65,496),0;2,(65,0),0;4,(65,0),(514,0),-1,-1;4,(65,0),(212,115),0,-1;4,(65,496),(367,496),-1,-1
yat	2,(155,0),0;6,(26,541),(26,425),0;6,(302,338),(302,229),0;4,(26,541),(470,541),-1,-1;4,(26,425),(470,425),-1,-1;4,(155,0),(345,112),0,-1
izhitsa	1,(482,508),0;2,(179,0),0;4,(482,508),(12,496),-1,0;14,(263,109),(482,508),(179,0),-1;4,(482,508),(499,379),1,-1
gheup	1,(65,496),0;2,(212,0),0;4,(65,496),(407,381),0,-1
ghestroke	1,(90,496),0;2,(90,0),0;6,(90,193),(90,263),0;4,(90,263),(356,264),-1,-1;4,(90,193),(356,193),-1,-1;4,(90,496),(431,381),0,-1
zhedescender	8,(653,-172),1;1,(72,508),0;2,(6,0),0;6,(269,198),(271,313),0;4,(6,0),(315,0),-1,-1;4,(315,0),(597,0),-1,-1;4,(597,0),(792,115),0,-1;4,(269,198),(492,198),-1,-1;14,(164,257),(271,313),(269,198),-1;4,(72,508),(74,369),1,-1;4,(72,508),(315,496),-1,0;4,(271,313),(490,313),-1,-1;4,(72,508),(689,508),-1,-1;4,(74,369),(687,369),-1,-1;14,(597,257),(492,198),(490,313),-1
zedescender	8,(163,-172),1;1,(218,508),0;2,(158,-8),0;6,(222,205),(213,302),0;4,(158,-8),(304,-2),-1,-1;4,(158,-8),(206,100),0,-1;4,(218,508),(208,396),0,-1
kadescender	8,(438,-172),1;1,(463,508),0;2,(65,0),0;6,(212,198),(212,313),0;4,(65,0),(378,0),-1,-1;4,(378,0),(577,115),0,-1;4,(463,508),(65,496),-1,0;4,(463,508),(461,369),1,-1;14,(372,260),(212,313),(212,198),-1
kabashkir	1,(26,496),0;2,(175,0),0;6,(322,198),(322,313),0;4,(175,0),(488,0),-1,-1;4,(26,496),(175,381),0,-1;4,(26,496),(573,508),-1,0;4,(573,508),(571,369),1,-1;14,(482,260),(322,313),(322,198),-1
endescender	8,(456,-172),1;1,(67,496),0;2,(67,0),0;6,(214,189),(214,317),1;4,(67,0),(373,0),-1,-1;4,(373,0),(596,115),0,-1;4,(67,496),(373,496),-1,-1
esdescender	8,(211,-172),1;1,(294,508),0;2,(206,-2),0;4,(206,-2),(352,-3),-1,-1;4,(294,508),(303,389),0,-1;4,(206,-2),(298,107),0,-1
ustraight	1,(12,496),0;2,(191,0),0;2,(191,-184),1;14,(263,129),(12,496),(191,-184),-1;4,(12,496),(370,496),-1,-1;4,(191,0),(338,0),-1,-1
ustraightstroke	1,(12,496),0;2,(191,-184),1;2,(49,0),0;4,(49,0),(165,71),-1,-1;4,(165,71),(473,71),-1,-1;4,(49,0),(473,0),-1,-1;14,(263,129),(12,496),(191,-184),-1;4,(12,496),(370,496),-1,-1
hadescender	8,(398,-172),1;1,(23,496),0;2,(14,0),0;4,(14,0),(342,0),-1,-1;4,(342,0),(537,115),0,-1;4,(23,496),(339,496),-1,-1;14,(247,168),(342,0),(339,496),-1;14,(267,331),(23,496),(14,0),-1;14,(166,258),(267,331),(247,168),-1;14,(347,241),(247,168),(267,331),-1
chedescender	8,(425,-172),0;1,(48,496),0;2,(338,0),0;6,(251,161),(283,276),0;4,(338,0),(564,115),0,-1;4,(48,496),(485,496),-1,-1
be.srb	1,(309,704),5;2,(265,-12),0;4,(265,-12),(270,107),0,-1;14,(289,355),(309,704),(265,-12),-1;4,(309,704),(387,571),1,-1;4,(289,355),(363,454),0,-1;4,(289,355),(203,416),-1,-1
numero	1,(531,647),3;2,(98,-12),0;6,(653,128),(653,206),0;6,(785,604),(785,514),0;4,(98,-12),(45,107),0,-1;4,(531,647),(85,635),-1,0;4,(98,-12),(383,0),-1,0;14,(430,159),(383,0),(531,647),-1;4,(531,647),(584,528),0,-1;14,(199,476),(85,635),(98,-12),-1;4,(653,206),(785,269),-2,-1;4,(785,269),(785,359),0,-1
ampersand	1,(281,664),4;2,(242,-12),0;2,(614,-12),0;6,(447,54),(436,212),-2;4,(242,-12),(261,100),0,-1;14,(343,126),(447,54),(436,212),-1;14,(208,261),(242,-12),(281,664),0;4,(208,261),(246,416),-2,-1;4,(281,664),(284,567),0,-1;14,(144,358),(208,261),(246,416),-1;14,(305,331),(208,261),(246,416),-1;14,(536,148),(447,54),(436,212),-1
zero	1,(264,647),3;2,(264,-12),0;4,(264,-12),(264,102),0,-1;4,(264,647),(264,533),0,-1
one	1,(247,635),3;2,(70,0),0;4,(70,0),(208,119),0,-1;4,(247,635),(89,577),0,-1;4,(89,577),(208,486),0,-1;4,(208,119),(355,119),-1,-1
two	1,(243,647),3;2,(484,0),0;4,(484,0),(356,124),0,-1;4,(356,124),(250,116),-1,-1;4,(250,116),(37,84),-1,0;4,(243,647),(223,532),0,-1
three	1,(240,647),3;2,(243,-12),0;4,(243,-12),(229,107),0,-1;14,(161,273),(240,647),(243,-12),0;4,(161,273),(161,377),0,-1;4,(240,647),(233,532),0,-1;14,(353,332),(161,273),(161,377),-1
four	1,(431,635),3;2,(294,0),0;6,(294,264),(294,152),0;14,(300,509),(431,635),(294,0),-1;4,(294,264),(160,264),-1,-1;4,(294,152),(431,152),-1,-1;4,(160,264),(19,253),-1,0;4,(294,264),(431,264),-1,-1
five	1,(91,635),3;2,(247,-12),0;4,(247,-12),(226,107),0,-1;14,(233,304),(91,635),(247,-12),0;4,(91,635),(451,511),0,-1;4,(233,304),(278,407),0,-1
six	1,(298,647),3;2,(281,-12),0;6,(275,293),(303,397),0;4,(281,-12),(278,98),0,-1;4,(298,647),(307,528),0,-1
seven	1,(44,635),3;2,(159,0),0;4,(44,635),(329,511),0,-1;4,(329,511),(486,545),-1,0
eight	1,(268,647),3;2,(263,-12),0;14,(217,280),(268,647),(263,-12),-1;4,(217,280),(303,370),0,-1;14,(150,318),(303,370),(217,280),-1;14,(378,330),(217,280),(303,370),-1;4,(268,647),(265,545),0,-1;4,(263,-12),(266,90),0,-1
nine	1,(245,647),3;2,(229,-12),0;6,(223,238),(252,342),0;4,(245,647),(248,537),0,-1;4,(229,-12),(219,107),0,-1
zero.0	1,(264,647),3;2,(264,-12),0;4,(264,-12),(264,102),0,-1;4,(264,647),(264,533),0,-1;14,(264,245),(264,647),(264,-12),-1;4,(264,245),(264,398),-2,-1
zero.0s	1,(264,647),3;2,(264,-12),0;14,(170,385),(264,-12),(264,647),-1;4,(264,-12),(264,93),0,-1;14,(335,149),(264,-12),(264,647),-1;14,(357,254),(264,-12),(264,647),-1;4,(264,647),(264,542),0,-1;14,(194,491),(264,647),(264,-12),-1
zero.pnum	1,(290,647),3;2,(290,-12),0;4,(290,-12),(290,107),0,-1;4,(290,647),(290,528),0,-1
one.pnum	1,(305,635),3;2,(305,0),0;4,(305,635),(39,577),0,-1;4,(39,577),(158,486),0,-1
two.pnum	1,(248,647),3;2,(475,0),0;4,(475,0),(364,124),0,-1;4,(364,124),(258,116),-1,-1;4,(258,116),(45,84),-1,0;4,(248,647),(228,532),0,-1
seven.pnum	1,(44,635),3;2,(149,0),0;4,(44,635),(315,511),0,-1;4,(315,511),(472,545),-1,0
zero.0p	1,(290,647),3;2,(290,-12),0;4,(290,-12),(290,107),0,-1;4,(290,647),(290,528),0,-1;14,(290,245),(290,647),(290,-12),-1;4,(290,245),(290,398),-2,-1
zero.0ps	1,(290,647),3;2,(290,-12),0;14,(187,393),(290,-12),(290,647),-1;4,(290,-12),(290,93),0,-1;14,(368,150),(290,-12),(290,647),-1;14,(392,247),(290,-12),(290,647),-1;4,(290,647),(290,542),0,-1;14,(212,489),(290,647),(290,-12),-1
zero.tnum	1,(264,590),2;2,(264,-12),0;4,(264,-12),(264,102),0,-1;4,(264,590),(264,477),0,-1
one.tnum	1,(247,578),2;2,(70,0),0;4,(70,0),(208,119),0,-1;4,(247,578),(89,520),0,-1;4,(89,520),(208,429),0,-1;4,(208,119),(355,119),-1,-1
two.tnum	1,(243,590),2;2,(484,0),0;4,(484,0),(368,124),0,-1;4,(368,124),(262,116),-1,-1;4,(262,116),(37,84),-1,0;4,(243,590),(224,475),0,-1
three.tnum	1,(240,590),2;6,(243,-90),(229,28),0;14,(161,206),(240,590),(243,-90),0;4,(161,206),(161,310),0,-1;4,(240,590),(233,475),0,-1;14,(353,265),(161,310),(161,206),-1
four.tnum	1,(431,578),2;6,(294,83),(294,195),0;14,(300,452),(431,578),(294,-78),-1;4,(294,195),(160,195),-1,-1;4,(294,83),(431,83),-1,-1;4,(160,195),(19,184),-1,-1;4,(294,195),(431,195),-1,-1
five.tnum	1,(91,578),2;6,(247,-90),(226,28),0;14,(233,238),(91,578),(247,-90),-1;4,(91,578),(218,455),0,-1;4,(233,238),(278,340),0,-1
seven.tnum	1,(44,578),2;4,(44,578),(329,455),0,-1;4,(329,455),(486,488),-1,0
nine.tnum	1,(239,590),2;6,(217,-90),(206,28),0;6,(216,158),(244,262),0;4,(239,590),(242,480),0,-1
one.onum	1,(196,578),2;2,(305,0),0;4,(196,578),(39,520),0,-1;4,(39,520),(158,429),0,-1
two.onum	1,(238,590),2;2,(467,0),0;4,(467,0),(370,124),0,-1;4,(370,124),(264,116),-1,-1;4,(264,116),(45,84),-1,0;4,(238,590),(220,475),0,-1
seven.onum	1,(44,578),2;4,(44,578),(315,455),0,-1;4,(315,455),(472,488),-1,0
zero.cap	1,(264,664),4;2,(264,-12),0;4,(264,-12),(264,102),0,-1;4,(264,664),(264,550),0,-1
one.cap	1,(247,652),4;2,(70,0),0;4,(70,0),(70,119),0,-1;4,(247,652),(89,594),0,-1;4,(89,594),(208,503),0,-1;4,(70,119),(474,119),-1,-1
two.cap	1,(243,664),4;2,(484,0),0;4,(484,0),(357,124),0,-1;4,(357,124),(251,116),-1,-1;4,(251,116),(37,84),-1,0;4,(243,664),(223,548),0,-1
three.cap	1,(240,664),4;2,(243,-12),0;4,(243,-12),(229,107),0,-1;14,(161,281),(240,664),(243,-12),-1;4,(161,281),(161,385),0,-1;4,(240,664),(233,549),0,-1;14,(353,336),(161,281),(161,385),-1
four.cap	1,(251,652),4;2,(294,0),0;6,(294,164),(294,276),0;14,(300,525),(251,652),(294,0),-1;4,(294,164),(504,164),-1,-1;4,(294,276),(19,266),-1,0;4,(294,276),(504,276),-1,-1
five.cap	1,(91,652),4;2,(247,-12),0;4,(247,-12),(226,107),0,-1;14,(233,321),(91,652),(247,-12),-1;4,(91,652),(451,528),0,-1;4,(233,321),(278,424),0,-1
six.cap	1,(298,664),4;2,(281,-12),0;6,(275,308),(303,412),0;4,(281,-12),(278,98),0,-1;4,(298,664),(307,545),0,-1
seven.cap	1,(44,652),4;2,(159,0),0;4,(44,652),(329,528),0,-1;4,(329,528),(486,561),-1,0
eight.cap	1,(268,663),4;2,(263,-12),0;14,(217,289),(268,663),(263,-12),-1;4,(217,289),(303,379),0,-1;14,(150,332),(303,379),(217,289),-1;14,(378,344),(217,289),(303,379),-1;4,(268,663),(265,561),0,-1;4,(263,-12),(266,90),0,-1
nine.cap	1,(245,664),4;2,(230,-12),0;6,(223,240),(251,343),0;4,(245,664),(248,553),0,-1;4,(230,-12),(221,107),0,-1
period	2,(150,-12),0;4,(150,-12),(150,173),-2,-1
exclam	2,(170,-12),0;4,(170,-12),(170,173),-2,-1;4,(170,173),(122,231),-2,-1
exclamdown	1,(170,508),0;4,(170,508),(170,323),-2,-1;4,(170,323),(122,265),-2,-1
question	2,(218,-12),0;6,(213,563),(232,682),0;4,(218,-12),(218,173),-2,-1;4,(218,173),(154,231),-2,-1
questiondown	1,(245,508),0;6,(232,-186),(250,-67),0;4,(245,508),(245,323),-2,-1;4,(245,323),(181,265),-2,-1
copyright	2,(375,-9),0;6,(375,655),(375,595),0;4,(375,-9),(375,52),0,-1;4,(375,52),(387,127),-2,-1;4,(375,595),(387,516),-2,-1;4,(387,516),(396,430),0,-1;4,(387,127),(391,213),0,-1
soundcopyright	2,(375,-9),0;6,(375,595),(375,655),0;6,(239,504),(345,425),0;6,(384,230),(376,306),0;4,(375,-9),(375,52),0,-1
registered	8,(207,416),0;8,(239,613),0;4,(207,416),(231,360),-2,-1;4,(231,360),(231,311),0,-1;4,(239,613),(231,666),-2,-1;4,(231,666),(231,715),0,-1;14,(236,476),(207,416),(239,613),0;4,(236,476),(228,516),0,-1;14,(285,493),(228,516),(236,476),-1;4,(207,416),(266,416),-1,-1;4,(239,613),(228,570),0,-1
trademark	8,(404,362),0;8,(397,573),0;4,(397,573),(91,589),-1,-1;4,(404,362),(571,458),-1,-1;14,(550,676),(571,458),(91,589),0;4,(550,676),(273,676),0,-1;4,(91,589),(186,362),-1,-1;4,(571,458),(424,676),-1,-1;4,(186,362),(489,511),0,-1;4,(91,589),(659,362),0,-1;4,(397,573),(404,458),0,-1;4,(404,458),(578,573),-1,-1
servicemark	8,(404,362),0;8,(316,676),0;4,(404,362),(140,350),-1,0;4,(140,350),(147,422),0,-1;4,(316,676),(154,687),-1,0;14,(176,443),(140,350),(154,687),-1;4,(154,687),(149,614),0,-1;14,(120,592),(154,687),(140,350),-1;14,(453,408),(404,362),(316,676),0;4,(453,408),(485,511),0,-1;4,(316,676),(550,676),-1,-1;4,(404,362),(571,362),-1,-1;4,(550,676),(578,573),0,-1;4,(316,676),(393,573),0,-1
at	6,(428,-172),(440,-83),0;6,(389,48),(420,140),0;6,(464,349),(459,443),0;6,(488,580),(500,669),0;4,(389,48),(626,38),-1,-1;14,(511,114),(389,48),(459,443),-1;14,(535,393),(459,443),(389,48),-1;4,(420,140),(642,129),-1,-1;4,(511,114),(486,185),0,-1;4,(535,393),(510,320),0,-1
at.case	6,(381,-34),(393,50),0;6,(445,617),(456,701),0;6,(349,149),(383,239),0;6,(420,510),(424,419),0;4,(349,149),(573,138),-1,0;14,(471,216),(349,149),(420,510),-1;14,(493,460),(420,510),(349,149),-1;4,(383,239),(587,228),-1,0;4,(471,216),(444,281),0,-1;4,(493,460),(466,392),0,-1
A.sc	1,(164,528),1;2,(143,0),0;2,(510,0),0;14,(301,214),(164,528),(143,0),0;14,(246,421),(164,528),(143,0),-1;4,(301,214),(171,108),0,-1
B.sc	1,(77,528),1;2,(293,0),0;14,(283,225),(77,528),(293,0),0;4,(283,225),(278,317),0,-1;14,(397,283),(278,317),(283,225),-1;4,(77,528),(278,421),0,-1;4,(293,0),(283,107),0,-1
C.sc	1,(321,540),1;2,(312,-12),0;4,(321,540),(322,419),0,-1;4,(312,-12),(318,109),0,-1
D.sc	1,(77,528),1;2,(252,0),0;4,(252,0),(251,114),0,-1;4,(77,528),(251,414),0,-1
E.sc	1,(77,528),1;2,(446,0),0;4,(77,528),(436,414),0,-1;14,(406,215),(77,528),(446,0),0;4,(406,215),(224,322),0,-1;4,(446,0),(224,114),0,-1
F.sc	1,(77,528),1;2,(224,0),0;6,(409,192),(409,302),0;4,(77,528),(439,408),0,-1
G.sc	1,(329,540),1;2,(326,-12),0;4,(329,540),(330,420),0,-1;4,(326,-12),(337,105),0,-1;14,(304,202),(329,540),(326,-12),1;4,(304,202),(518,304),0,-1
H.sc	1,(77,528),1;1,(397,528),1;2,(545,0),0;2,(224,0),0;6,(397,207),(397,334),0
I.sc	1,(77,528),1;2,(224,0),0
J.sc	1,(249,528),1;2,(205,-12),0;4,(205,-12),(188,110),0,-1
K.sc	1,(77,528),1;1,(372,528),1;2,(561,0),0;2,(224,0),0;14,(228,334),(561,0),(77,528),-1;14,(364,312),(77,528),(561,0),-1;14,(280,211),(561,0),(77,528),-1
L.sc	1,(77,528),1;2,(434,0),0;4,(434,0),(224,120),0,-1
M.sc	1,(77,528),1;1,(459,528),1;2,(608,0),0;2,(209,0),0;14,(342,224),(77,528),(209,0),-1;14,(495,347),(608,0),(459,528),-1;14,(366,42),(77,528),(608,0),-1;14,(190,347),(77,528),(209,0),-1
N.sc	1,(77,528),1;1,(394,528),1;2,(529,0),0;2,(212,0),0;14,(412,172),(529,0),(394,528),-1;14,(194,356),(77,528),(212,0),-1
O.sc	1,(309,540),1;2,(309,-12),0;4,(309,-12),(309,109),0,-1;4,(309,540),(309,419),0,-1
P.sc	1,(77,528),1;2,(224,0),0;6,(291,167),(286,268),0;4,(77,528),(286,413),0,-1
Q.sc	1,(307,540),1;2,(235,-4),0;4,(307,540),(307,419),1,-1;4,(235,-4),(307,100),0,-1;4,(235,-4),(504,-57),-2,-1;4,(504,-57),(487,-171),0,-1;4,(235,-4),(385,-2),-1,-1
R.sc	1,(77,528),1;2,(77,0),0;2,(385,0),0;6,(286,175),(278,275),0;4,(77,528),(276,413),0,-1;14,(417,204),(278,275),(286,175),-1
S.sc	1,(272,541),1;2,(254,-12),0;4,(254,-12),(261,101),0,-1;14,(202,224),(254,-12),(272,541),-1;4,(272,541),(268,426),0,-1;14,(330,312),(272,541),(254,-12),-1
T.sc	1,(25,528),1;2,(172,0),0;4,(25,528),(25,408),0,-1;4,(25,408),(466,408),-1,-1
U.sc	1,(73,528),1;2,(305,-12),0;4,(305,-12),(307,109),0,-1;4,(73,528),(393,528),-1,-1
V.sc	1,(-7,528),1;2,(333,0),0;14,(247,130),(-7,528),(333,0),-1;4,(-7,528),(351,528),-1,-1
W.sc	1,(14,527),1;2,(289,0),0;4,(289,0),(607,0),-1,-1;14,(216,132),(607,0),(14,527),-1;4,(14,527),(305,527),-1,-1;4,(305,527),(569,527),-1,-1;14,(511,132),(607,0),(569,527),-1;14,(357,332),(305,527),(607,0),-1
X.sc	1,(20,528),1;1,(332,528),1;2,(497,0),0;2,(167,0),0;14,(163,271),(20,528),(167,0),-1;14,(264,357),(497,0),(20,528),-1;14,(345,265),(497,0),(332,528),-1;14,(245,180),(497,0),(20,528),-1
Y.sc	1,(-8,528),1;2,(307,0),0;14,(236,303),(307,0),(-8,528),-1;4,(-8,528),(322,528),-1,-1
Z.sc	1,(59,528),1;2,(447,0),0;4,(447,0),(213,120),0,-1;4,(213,120),(36,87),-1,0;4,(59,528),(267,408),0,-1;4,(267,408),(444,441),-1,0
Aogonek.sc	1,(164,528),1;2,(143,0),0;6,(427,-223),(458,-128),-1;14,(246,421),(164,528),(143,0),-1;14,(328,108),(164,528),(143,0),0;4,(328,108),(198,214),0,-1;4,(143,0),(356,0),-1,-1;4,(356,0),(510,0),-1,-1
AE.sc	1,(241,528),1;2,(138,0),0;14,(331,212),(241,528),(138,0),-1;14,(331,421),(241,528),(138,0),-1;4,(138,0),(331,0),-1,-1;4,(331,0),(688,114),0,-1;4,(331,212),(187,107),0,-1;4,(241,528),(678,414),0,-1;14,(478,215),(241,528),(331,0),-1;4,(478,215),(648,322),0,-1
Bstroke.sc	1,(101,528),1;2,(317,0),0;6,(343,132),(343,186),-2;6,(307,228),(302,314),-2;4,(317,0),(307,90),0,-1;4,(101,528),(302,438),0,-1;14,(421,279),(302,314),(307,228),-1;4,(343,132),(101,132),-1,-1;4,(343,186),(26,181),-1,0
Eogonek.sc	1,(77,528),1;2,(77,0),0;6,(362,-223),(397,-128),-1;4,(77,528),(436,414),0,-1;14,(406,215),(77,528),(77,0),0;4,(406,215),(224,322),0,-1;4,(77,0),(446,114),0,-1;4,(77,0),(446,0),-1,-1
Ghook.sc	1,(329,540),1;2,(326,-12),0;6,(525,560),(493,672),0;4,(329,540),(330,420),0,-1;4,(326,-12),(337,105),0,-1;14,(518,304),(329,540),(326,-12),1;4,(518,304),(304,202),0,-1
Hbar.sc	1,(97,528),1;2,(97,0),0;4,(97,528),(97,457),-2,-1;4,(97,457),(97,387),-2,-1;4,(97,387),(417,387),-1,-1;4,(97,387),(244,326),-2,-1;4,(417,387),(636,387),-1,-1;4,(97,0),(417,0),-1,-1;4,(244,326),(244,215),0,-1;4,(97,457),(417,457),-1,-1;4,(97,528),(417,528),-1,-1;4,(417,457),(636,457),-1,-1
Iogonek.sc	1,(77,528),1;2,(77,0),0;6,(157,-223),(191,-128),-1;4,(77,0),(224,0),-1,-1
Lslash.sc	1,(84,528),1;2,(441,0),0;6,(409,312),(359,393),-2;6,(27,115),(-23,197),-2;4,(441,0),(441,120),0,-1;14,(84,148),(441,0),(84,528),-1;4,(84,148),(84,257),-1,-1;4,(84,148),(231,216),-1,-1;4,(231,216),(231,325),-1,-1
Oslash.sc	1,(309,540),1;2,(309,-12),0;14,(236,128),(309,-12),(309,540),-1;4,(309,-12),(309,100),0,-1;14,(418,338),(309,-12),(309,540),-1;14,(381,401),(309,540),(309,-12),-1;4,(309,540),(309,428),0,-1;14,(199,191),(309,-12),(309,540),-1;14,(514,449),(309,540),(309,-12),-1;14,(153,33),(309,-12),(309,540),-1;14,(103,80),(309,-12),(309,540),-1;14,(464,496),(309,540),(309,-12),-1
OE.sc	1,(330,528),1;2,(339,0),0;4,(330,528),(331,414),0,-1;4,(331,414),(703,414),-1,-1;14,(673,215),(330,528),(339,0),0;4,(673,215),(498,322),0,-1;4,(339,0),(331,114),0,-1;4,(331,114),(713,114),-1,-1
Ohorn.sc	1,(309,540),1;2,(309,-12),0;4,(309,-12),(309,109),0,-1;4,(309,540),(309,419),0,-1;14,(497,469),(309,-12),(309,540),-1;4,(497,469),(424,518),-1,-1
Oogonek.sc	1,(309,540),1;2,(283,-10),0;6,(334,-223),(369,-128),-1;4,(283,-10),(398,-5),-1,-1;4,(283,-10),(309,109),0,-1;4,(309,540),(309,419),0,-1
Germandbls.sc	1,(328,540),1;2,(420,-12),0;4,(420,-12),(401,101),0,-1;14,(332,218),(328,540),(420,-12),-1;4,(332,218),(322,290),-2,-1;4,(328,540),(323,426),0,-1;4,(420,-12),(80,0),-1,0;14,(463,290),(332,218),(322,290),-1
Tbar.sc	1,(25,528),1;2,(172,0),0;14,(172,205),(25,528),(172,0),-1;4,(172,205),(172,276),-1,-1;4,(172,276),(437,276),-1,-1;4,(172,205),(437,205),-1,-1;4,(25,528),(25,408),0,-1;4,(25,408),(466,408),-1,-1
Uogonek.sc	1,(73,528),1;2,(278,-10),0;4,(278,-10),(307,109),0,-1;4,(73,528),(393,528),-1,-1;4,(278,-10),(393,-5),-1,-1
Uhorn.sc	1,(73,528),1;2,(305,-12),0;4,(73,528),(393,528),-1,-1;4,(393,528),(534,474),-2,-1;4,(305,-12),(307,109),0,-1
Eth.sc	1,(266,528),1;2,(276,0),0;4,(276,0),(275,114),0,-1;4,(266,528),(275,414),0,-1;14,(343,235),(266,528),(276,0),0;4,(343,235),(343,306),-1,-1;4,(343,235),(26,235),-1,-1;4,(343,306),(26,300),-1,-1
Thorn.sc	1,(77,528),1;2,(224,0),0;6,(291,92),(285,198),0;6,(291,448),(285,342),0
Schwa.sc	1,(305,540),1;2,(302,-12),0;14,(410,306),(305,540),(302,-12),0;4,(410,306),(197,209),0,-1;4,(302,-12),(302,102),0,-1;4,(305,540),(287,424),0,-1
Eng.sc	1,(366,540),1;2,(369,-12),0;4,(369,-12),(352,109),0,-1;4,(366,540),(321,419),0,-1;14,(219,475),(369,-12),(366,540),-1;4,(219,475),(224,352),1,-1;4,(369,-12),(77,0),-1,0;4,(366,540),(77,528),-1,0
IJ.sc	1,(77,528),1;2,(224,0),0;6,(348,-169),(325,-53),0;4,(77,528),(378,528),-1,-1
Eng.sca	1,(77,528),1;2,(77,0),0;6,(367,-169),(344,-57),0;4,(77,0),(385,0),-1,-1;14,(194,356),(77,528),(77,0),-1;4,(77,528),(394,528),-1,-1;14,(412,172),(394,528),(387,0),-1
Gamma.sc	1,(77,528),1;2,(224,0),0;4,(77,528),(440,406),0,-1
Delta.sc	1,(198,528),1;2,(536,0),0;4,(536,0),(378,121),0,-1;14,(280,423),(536,0),(198,528),-1
Theta.sc	1,(309,540),1;2,(309,-12),0;6,(386,215),(386,322),0;4,(309,-12),(309,100),0,-1;4,(309,540),(309,428),0,-1
Lambda.sc	1,(157,528),1;2,(140,0),0;4,(140,0),(497,0),-1,-1;14,(239,395),(157,528),(140,0),-1
Xi.sc	1,(61,528),1;2,(461,0),0;6,(404,215),(404,322),0;4,(461,0),(53,114),0,-1;4,(61,528),(452,414),0,-1
Pi.sc	1,(77,528),1;2,(224,0),0;4,(224,0),(539,0),-1,-1;4,(77,528),(391,406),0,-1
Sigma.sc	1,(41,528),1;2,(448,0),0;4,(448,0),(213,114),0,-1;4,(213,114),(38,87),-1,0;4,(41,528),(435,415),0,-1;4,(435,415),(41,448),-1,0
Phi.sc	6,(419,48),(419,158),0;6,(419,373),(419,483),0;4,(419,373),(289,373),-1,-1;4,(419,158),(289,158),-1,-1;4,(419,48),(289,-18),-2,-1;4,(419,48),(289,48),-1,-1;4,(419,483),(289,483),-1,-1;4,(419,483),(289,546),-2,-1
Psi.sc	1,(52,528),1;2,(408,0),0;6,(408,169),(408,281),0;4,(408,169),(274,169),-1,-1;4,(408,281),(274,281),-1,-1;4,(52,528),(274,528),-1,-1;4,(274,528),(489,528),-1,-1
Omega.sc	1,(316,540),1;2,(44,0),0;4,(44,0),(44,115),0,-1;4,(44,115),(589,115),-1,-1;4,(44,0),(589,0),-1,-1;4,(589,115),(350,103),-1,0;4,(316,540),(316,420),0,-1;4,(44,115),(282,103),-1,0
Alphaiotasub.sc	8,(580,422),2;1,(164,528),1;2,(-6,0),0;14,(301,214),(164,528),(-6,0),0;4,(-6,0),(356,0),-1,-1;14,(250,421),(164,528),(356,0),-1;4,(301,214),(171,108),-2,-1;4,(356,0),(580,0),-1,-1
Etaiotasub.sc	8,(698,422),2;1,(77,528),1;2,(77,0),0;4,(77,0),(397,0),-1,-1;4,(397,0),(698,0),-1,-1;14,(224,207),(77,528),(77,0),0;4,(224,207),(397,334),0,-1;4,(77,528),(397,528),-1,-1
Omegaiotasub.sc	8,(708,422),2;1,(316,540),1;2,(44,0),0;4,(44,0),(350,0),-1,-1;4,(350,0),(708,0),-1,-1;4,(44,0),(44,115),0,-1;4,(44,115),(589,115),-1,-1;4,(589,115),(350,103),-1,0;4,(316,540),(316,420),0,-1;4,(44,115),(282,103),-1,0
Be.sc	1,(77,528),1;2,(292,0),0;4,(77,528),(471,407),0,-1;14,(278,225),(77,528),(292,0),-1;4,(278,225),(288,317),0,-1;4,(292,0),(278,107),0,-1
De.sc	8,(27,-172),1;1,(164,528),1;2,(452,0),0;4,(452,0),(13,122),1,-1;4,(13,122),(366,122),-1,-1;4,(164,528),(366,408),0,-1;4,(366,122),(593,122),-1,-1;4,(27,-172),(452,-172),-1,-1
Zhe.sc	1,(61,540),1;2,(2,0),0;6,(274,327),(264,212),0;4,(2,0),(314,0),-1,-1;4,(314,0),(609,0),-1,-1;4,(264,212),(501,212),-1,-1;14,(160,277),(274,327),(264,212),-1;4,(61,540),(59,406),1,-1;4,(61,540),(314,528),-1,0;4,(274,327),(491,327),-1,-1;4,(61,540),(705,540),-1,-1;4,(59,406),(706,406),-1,-1;14,(606,277),(501,212),(491,327),-1
Ze.sc	1,(236,540),1;2,(242,-12),0;6,(240,225),(224,317),0;4,(242,-12),(242,100),0,-1;4,(236,540),(231,428),0,-1;14,(374,277),(240,225),(224,317),-1
Icyr.sc	1,(77,528),1;2,(77,0),0;4,(77,0),(394,0),-1,-1;4,(77,528),(381,528),-1,-1;14,(412,356),(381,528),(394,0),-1;14,(194,172),(77,528),(77,0),-1
Ka.sc	1,(498,540),1;2,(77,0),0;6,(224,212),(224,329),0;4,(77,0),(411,0),-1,-1;4,(498,540),(77,528),-1,0;4,(498,540),(499,406),1,-1;14,(386,280),(224,212),(224,329),-1
El.sc	1,(170,528),1;2,(60,-12),0;4,(60,-12),(38,124),1,-1;4,(60,-12),(365,0),-1,0;4,(170,528),(365,408),0,-1
Ucyr.sc	1,(1,528),1;2,(143,-12),0;4,(143,-12),(136,114),1,-1;14,(190,144),(1,528),(143,-12),-1;14,(259,274),(143,-12),(1,528),-1;4,(1,528),(349,528),-1,-1
Ef.sc	1,(277,540),1;2,(277,-12),0;4,(277,-12),(277,61),-2,-1;4,(277,61),(277,168),0,-1;4,(277,168),(401,168),-1,-1;4,(277,540),(277,471),-2,-1;4,(277,471),(277,364),0,-1;4,(277,364),(401,364),-1,-1;4,(277,471),(401,471),-1,-1;4,(277,61),(401,61),-1,-1
Tse.sc	8,(457,-172),1;1,(77,528),1;2,(77,0),0;4,(77,0),(224,122),0,-1;4,(224,122),(597,122),-1,-1;4,(77,528),(371,528),-1,-1
Che.sc	1,(60,528),1;2,(499,0),0;6,(274,197),(291,311),0;4,(60,528),(352,528),-1,-1
Sha.sc	1,(77,528),1;2,(746,0),0;4,(746,0),(216,122),0,-1;4,(77,528),(342,528),-1,-1;4,(216,122),(481,122),-1,-1;4,(342,528),(607,528),-1,-1
Shcha.sc	8,(684,-172),1;1,(77,528),1;2,(684,0),0;4,(684,0),(216,122),0,-1;4,(216,122),(481,122),-1,-1;4,(481,122),(825,122),-1,-1;4,(77,528),(342,528),-1,-1;4,(342,528),(607,528),-1,-1
Hard.sc	1,(25,528),1;2,(378,0),0;6,(370,248),(380,349),0;4,(25,528),(182,406),0,-1;4,(378,0),(371,115),0,-1
Yeru.sc	1,(77,528),1;2,(263,0),0;6,(256,248),(266,349),0;4,(77,528),(555,528),-1,-1;4,(263,0),(555,0),-1,-1;4,(263,0),(256,115),0,-1
Soft.sc	1,(77,528),1;2,(283,0),0;6,(276,248),(286,349),0;4,(283,0),(276,115),0,-1
Ecyr.sc	1,(214,540),1;2,(198,-12),0;4,(198,-12),(199,109),0,-1;14,(322,215),(214,540),(198,-12),0;4,(322,215),(144,322),0,-1;4,(214,540),(207,419),0,-1
Yu.sc	1,(77,528),1;1,(555,540),1;2,(224,0),0;2,(555,-12),0;6,(308,207),(309,334),0;4,(555,-12),(553,109),0,-1;4,(555,540),(553,419),0,-1
Ya.sc	1,(484,528),1;2,(484,0),0;2,(175,0),0;6,(337,175),(337,275),0;4,(484,528),(337,413),0,-1;14,(154,198),(337,175),(337,275),-1
Dje.sc	1,(25,528),1;2,(413,-11),0;6,(373,318),(356,220),0;4,(413,-11),(394,102),0,-1;4,(413,-11),(154,0),-1,0;4,(25,528),(25,408),0,-1;4,(25,408),(471,408),-1,-1
Ieukran.sc	1,(320,540),1;2,(312,-12),0;4,(320,540),(319,419),0,-1;14,(373,215),(320,540),(312,-12),0;4,(373,215),(373,322),0,-1;4,(312,-12),(318,109),0,-1
Yi.sca	1,(77,528),1;2,(224,0),0;6,(74,590),(74,730),-2;4,(74,590),(227,590),-1,-1;4,(74,730),(227,730),-1,-1
Lje.sc	1,(170,528),1;2,(60,-12),0;6,(493,248),(493,349),0;4,(60,-12),(38,124),1,-1;4,(38,124),(493,115),-1,-1;4,(60,-12),(345,0),-1,0;4,(170,528),(345,408),0,-1
Nje.sc	1,(77,528),1;2,(77,0),0;4,(77,0),(382,0),-1,-1;4,(382,0),(553,115),0,-1;14,(224,207),(77,528),(77,0),0;4,(224,207),(529,248),-1,0;4,(224,207),(224,334),0,-1;4,(77,528),(382,528),-1,-1;4,(224,334),(529,349),-1,0
Tshe.sc	1,(25,528),1;2,(154,0),0;6,(356,220),(373,318),0;4,(154,0),(435,0),-1,-1;4,(25,528),(25,408),0,-1;4,(25,408),(471,408),-1,-1
Dzhe.sc	8,(236,-172),1;1,(77,528),1;2,(77,0),0;4,(77,0),(378,0),-1,-1;4,(77,528),(381,528),-1,-1
Yat.sc	2,(303,0),0;6,(120,399),(120,497),-2;6,(296,232),(306,332),0;4,(303,0),(296,107),0,-1;4,(120,497),(120,578),-2,-1;4,(120,497),(267,497),-1,-1;4,(120,399),(446,399),-1,-1
Fita.sc	1,(309,540),1;2,(309,-12),0;14,(194,215),(309,540),(309,-12),0;4,(309,-12),(309,100),0,-1;4,(194,215),(421,322),0,-1;4,(309,540),(309,428),0,-1
Izhitsa.sc	1,(469,540),1;2,(157,0),0;4,(469,540),(-7,528),-1,0;14,(247,130),(-7,528),(157,0),-1;4,(469,540),(483,406),1,-1
Gheup.sc	8,(326,694),2;1,(77,528),1;2,(224,0),0;4,(77,528),(440,406),0,-1
Ghestroke.sc	1,(102,528),1;2,(249,0),0;4,(102,528),(249,406),0,-1;14,(374,210),(102,528),(249,0),0;4,(374,210),(374,281),-2,-1;4,(374,210),(102,210),-1,-1;4,(374,281),(26,276),-1,0
Zhedescender.sc	8,(660,-172),1;1,(61,540),1;2,(2,0),0;6,(264,212),(274,327),0;4,(2,0),(314,0),-1,-1;4,(314,0),(609,0),-1,-1;4,(609,0),(800,122),0,-1;4,(264,212),(501,212),-1,-1;14,(160,277),(274,327),(264,212),-1;4,(61,540),(59,406),1,-1;4,(61,540),(314,528),-1,0;4,(274,327),(491,327),-1,-1;4,(61,540),(705,540),-1,-1;4,(59,406),(706,406),-1,-1;14,(606,277),(501,212),(491,327),-1
Zedescender.sc	8,(186,-172),1;1,(236,540),1;2,(181,-7),0;4,(181,-7),(329,-2),-1,-1;4,(181,-7),(242,100),0,-1;14,(163,225),(236,540),(181,-7),0;4,(163,225),(163,317),0,-1;4,(236,540),(231,428),0,-1;14,(374,281),(163,317),(163,225),-1
Kadescender.sc	8,(459,-172),1;1,(498,540),1;2,(77,0),0;6,(224,212),(224,329),0;4,(77,0),(411,0),-1,-1;4,(411,0),(599,122),0,-1;4,(498,540),(77,528),-1,0;4,(498,540),(499,406),1,-1;14,(386,280),(224,329),(224,212),-1
Endescender.sc	8,(483,-172),1;1,(77,528),1;2,(77,0),0;4,(77,0),(397,0),-1,-1;4,(397,0),(623,122),0,-1;14,(224,207),(77,528),(77,0),0;4,(224,207),(397,334),0,-1;4,(77,528),(397,528),-1,-1
Esdescender.sc	8,(230,-172),1;1,(321,540),1;2,(225,0),0;4,(225,0),(373,-6),-1,-1;4,(321,540),(322,419),0,-1;4,(225,0),(318,109),0,-1
Ustraightstroke.sc	1,(-8,528),1;2,(160,0),0;14,(144,214),(-8,528),(160,0),-1;4,(144,214),(425,214),-1,-1;4,(144,214),(160,143),-2,-1;4,(160,143),(425,143),-1,-1;4,(-8,528),(322,528),-1,-1;14,(232,303),(322,528),(160,0),-1
Hadescender.sc	8,(393,-172),1;1,(20,528),1;2,(11,0),0;4,(11,0),(335,0),-1,-1;4,(335,0),(534,122),0,-1;14,(249,180),(20,528),(11,0),-1;4,(20,528),(332,528),-1,-1;14,(260,357),(335,0),(332,528),-1;14,(163,271),(260,357),(249,180),-1;14,(345,265),(249,180),(260,357),-1
Chedescender.sc	8,(438,-172),1;1,(60,528),1;2,(438,0),0;6,(274,197),(291,311),0;4,(438,0),(578,122),0,-1;4,(60,528),(352,528),-1,-1
Shha.sc	1,(77,528),1;2,(224,0),0;6,(285,236),(302,349),0;4,(224,0),(516,0),-1,-1
ampersand.sc	1,(250,540),1;2,(216,-12),0;4,(216,-12),(231,93),0,-1;14,(576,304),(250,540),(216,-12),-1;14,(384,186),(576,304),(216,-12),-1;14,(396,44),(216,-12),(576,304),-1;14,(294,109),(384,186),(396,44),-1;14,(186,207),(216,-12),(250,540),-1;14,(223,333),(250,540),(216,-12),-1;4,(250,540),(252,448),0,-1;14,(127,286),(223,333),(186,207),-1;14,(278,268),(186,207),(223,333),-1;14,(483,132),(396,44),(384,186),-1
zero.sc	1,(275,541),1;2,(275,-12),0;4,(275,-12),(275,102),0,-1;4,(275,541),(275,427),0,-1
one.sc	1,(186,528),1;2,(294,0),0;4,(186,528),(39,476),-2,-1;4,(39,476),(149,385),0,-1
two.sc	1,(225,540),1;2,(435,0),0;4,(435,0),(343,121),0,-1;4,(343,121),(38,83),-1,0;4,(225,540),(207,427),0,-1
three.sc	1,(222,540),1;2,(225,-12),0;6,(150,218),(150,318),0;4,(225,-12),(222,101),0,-1;4,(222,540),(218,429),0,-1;14,(332,271),(150,218),(150,318),-1
four.sc	1,(241,528),1;2,(420,0),0;14,(484,118),(241,528),(420,0),0;4,(484,118),(484,224),0,-1;4,(484,224),(284,224),-1,-1;14,(289,408),(241,528),(420,0),-1;4,(484,118),(284,118),-1,-1;4,(284,224),(38,219),-1,-1
five.sc	1,(85,528),1;2,(227,-11),0;4,(227,-11),(215,101),0,-1;14,(220,244),(85,528),(227,-11),0;4,(85,528),(420,408),0,-1;4,(220,244),(260,340),0,-1
six.sc	1,(293,540),1;2,(278,-12),0;6,(272,233),(310,334),0;4,(278,-12),(279,95),0,-1;4,(293,540),(301,424),0,-1;14,(187,280),(278,-12),(293,540),-1
seven.sc	1,(33,528),1;2,(126,0),0;4,(33,528),(273,408),0,-1;4,(273,408),(429,439),-1,-1
eight.sc	1,(254,540),1;2,(253,-12),0;6,(221,226),(287,313),0;14,(146,260),(287,313),(221,226),-1;14,(364,281),(221,226),(287,313),-1;4,(254,540),(252,442),0,-1;4,(253,-12),(260,86),0,-1
nine.sc	1,(241,541),1;2,(227,-12),0;6,(216,195),(246,293),0;4,(241,541),(241,433),0,-1;4,(227,-12),(221,103),0,-1;14,(332,248),(227,-12),(241,541),-1
exclam.sc	1,(96,528),1;2,(170,-12),0;4,(170,-12),(170,173),-2,-1;4,(170,173),(122,231),-2,-1
exclamdown.sc	1,(170,540),1;2,(244,0),0;4,(170,540),(170,355),-2,-1;4,(170,355),(122,297),-2,-1
question.sc	2,(218,-12),0;6,(232,560),(213,450),0;4,(218,-12),(218,173),-2,-1;4,(218,173),(154,231),-2,-1
questiondown.sc	1,(245,540),1;6,(232,-32),(250,78),0;4,(245,540),(245,355),-2,-1;4,(245,355),(181,297),-2,-1
zero.dnom	8,(188,402),0;2,(188,-12),0;4,(188,-12),(188,70),-2,-1;4,(188,402),(188,320),-2,-1
one.dnom	8,(274,390),0;2,(165,0),0;4,(274,390),(165,281),-2,-1
two.dnom	8,(176,402),0;2,(334,0),0;4,(334,0),(216,90),-2,-1;4,(216,90),(45,58),-1,0;4,(176,402),(159,313),-2,-1
three.dnom	8,(187,402),0;2,(186,-12),0;6,(138,168),(138,230),0;4,(186,-12),(175,70),-2,-1;4,(187,402),(168,320),-2,-1;14,(266,203),(138,230),(138,168),-1
four.dnom	8,(310,390),0;2,(214,0),0;6,(214,87),(214,157),-2;14,(220,315),(310,390),(214,0),-1;4,(214,157),(134,157),-1,-1;4,(214,87),(310,87),-1,-1;4,(134,157),(35,141),-1,0;4,(214,157),(310,157),-1,-1
five.dnom	8,(86,390),0;2,(187,-12),0;6,(211,251),(173,187),-1;4,(187,-12),(175,70),-2,-1;4,(86,390),(322,299),-2,-1
six.dnom	8,(218,402),0;2,(202,-12),0;6,(218,249),(193,176),-2;4,(202,-12),(197,70),-2,-1;4,(218,402),(225,320),-2,-1
seven.dnom	8,(50,390),0;2,(117,0),0;4,(50,390),(224,300),-2,-1;4,(224,300),(344,332),-1,0
eight.dnom	8,(188,402),0;2,(188,-12),0;6,(170,167),(204,238),-1;14,(110,204),(204,238),(170,167),-1;14,(267,209),(170,167),(204,238),-1;4,(188,402),(187,328),-2,-1;4,(188,-12),(188,60),-2,-1
nine.dnom	8,(174,402),0;2,(158,-12),0;6,(182,214),(157,141),-2;4,(174,402),(178,320),-2,-1;4,(158,-12),(151,70),-2,-1
A.sups	8,(-5,375),0;8,(394,375),0;8,(132,807),0;14,(191,730),(132,807),(-5,375),-1;14,(258,476),(132,807),(-5,375),-1;4,(258,476),(147,555),-2,-1
B.sups	8,(203,807),0;8,(216,375),0;14,(207,563),(203,807),(216,375),-1;4,(207,563),(198,635),-2,-1;14,(292,607),(207,563),(198,635),-1;4,(203,807),(199,728),-2,-1;4,(216,375),(207,455),-2,-1
C.sups	8,(240,815),0;8,(233,367),0;4,(240,815),(242,725),-2,-1;4,(233,367),(239,456),-2,-1
D.sups	8,(181,375),0;8,(175,807),0;4,(181,375),(172,458),-2,-1;4,(175,807),(171,725),-2,-1
E.sups	8,(50,807),0;8,(50,375),0;6,(302,555),(302,641),-2;4,(50,807),(328,721),-2,-1;4,(50,375),(334,461),-2,-1
F.sups	8,(50,375),0;8,(50,807),0;6,(304,540),(304,626),-2;4,(50,807),(330,721),-2,-1
G.sups	8,(245,367),0;8,(248,815),0;6,(230,538),(230,622),-2;4,(248,815),(248,726),-2,-1;4,(245,367),(256,456),-2,-1
H.sups	8,(50,807),0;8,(299,807),0;8,(50,375),0;8,(299,375),0;6,(154,643),(299,554),-2
I.sups	8,(50,807),0;8,(154,375),0
J.sups	8,(192,807),0;8,(151,367),0;4,(151,367),(140,456),-2,-1
K.sups	8,(50,375),0;8,(307,375),0;8,(50,807),0;8,(281,807),0;14,(154,636),(50,807),(50,375),-1;14,(264,636),(50,807),(307,375),-1;14,(203,556),(50,375),(50,807),-1
L.sups	8,(50,807),0;8,(50,375),0;4,(50,375),(325,461),-2,-1
M.sups	8,(50,375),0;8,(368,375),0;8,(50,807),0;8,(465,807),0;14,(261,545),(465,807),(368,375),-1;14,(382,673),(368,375),(465,807),-1;14,(236,413),(50,375),(50,807),-1;14,(132,673),(50,807),(50,375),-1
N.sups	8,(50,807),0;8,(397,807),0;8,(397,375),0;8,(50,375),0;14,(312,504),(397,375),(397,807),-1;14,(136,679),(50,807),(50,375),-1
O.sups	8,(230,815),0;8,(230,367),0;4,(230,367),(230,456),-2,-1;4,(230,815),(230,726),-2,-1
P.sups	8,(50,807),0;8,(50,375),0;6,(214,519),(206,600),-2;4,(50,807),(206,726),-2,-1
Q.sups	8,(182,371),0;8,(228,815),0;6,(374,257),(386,339),-2;4,(182,371),(228,453),-2,-1;4,(228,815),(228,726),-2,-1;4,(182,371),(292,376),-1,-1
R.sups	8,(50,375),0;8,(287,375),0;8,(50,807),0;6,(206,528),(203,609),-2;4,(50,807),(203,726),-2,-1;14,(305,548),(203,609),(206,528),-1
S.sups	8,(199,816),0;8,(187,367),0;4,(187,367),(193,457),-2,-1;14,(129,569),(187,367),(199,816),-1;4,(199,816),(195,729),-2,-1;14,(267,619),(199,816),(187,367),-1
T.sups	8,(137,375),0;8,(16,807),0;4,(16,807),(16,721),-2,-1;4,(16,721),(360,721),-1,-1
U.sups	8,(48,807),0;8,(226,367),0;4,(226,367),(226,456),-2,-1;4,(48,807),(300,807),-1,-1
V.sups	8,(-6,807),0;8,(278,807),0;8,(127,375),0;14,(191,472),(-6,807),(127,375),-1
W.sups	8,(8,807),0;8,(89,375),0;14,(161,473),(8,807),(89,375),-1;4,(8,807),(234,807),-1,-1;4,(234,807),(442,807),-1,-1;4,(89,375),(334,375),-1,-1;14,(394,473),(442,807),(334,375),-1;14,(276,664),(89,375),(234,807),-1
X.sups	8,(15,807),0;8,(372,807),0;8,(378,375),0;8,(7,375),0;14,(129,598),(15,807),(7,375),-1;14,(198,659),(378,375),(372,807),-1;14,(259,593),(378,375),(372,807),-1;14,(188,532),(15,807),(7,375),-1
Y.sups	8,(-6,807),0;8,(127,375),0;14,(179,615),(-6,807),(127,375),-1;4,(-6,807),(254,807),-1,-1
Z.sups	8,(41,807),0;8,(342,375),0;4,(342,375),(151,461),-2,-1;4,(151,461),(23,438),-1,0;4,(41,807),(212,721),-2,-1;4,(212,721),(341,745),-1,0
a.sups	8,(130,367),0;8,(185,713),0;6,(216,527),(216,587),-2;4,(185,713),(167,631),-2,-1;4,(130,367),(237,375),-1,-1;4,(130,367),(165,446),-2,-1;14,(223,409),(130,367),(165,446),-1
b.sups	8,(221,367),0;8,(42,838),0;1,(229,713),5;14,(134,410),(221,367),(229,713),-1;4,(221,367),(42,375),-1,0;14,(142,675),(229,713),(221,367),-1;4,(221,367),(196,449),-2,-1;4,(229,713),(199,629),-2,-1
c.sups	8,(192,713),0;8,(187,367),0;4,(192,713),(201,631),-2,-1;4,(187,367),(200,449),-2,-1
d.sups	8,(163,367),0;8,(164,713),0;8,(240,838),0;4,(164,713),(190,631),-2,-1;14,(245,678),(190,631),(164,713),-1;4,(163,367),(259,375),-1,-1;4,(163,367),(191,449),-2,-1;14,(249,407),(163,367),(191,449),-1
e.sups	8,(182,713),0;8,(193,367),0;14,(123,513),(182,713),(193,367),0;4,(193,367),(207,446),-2,-1;4,(123,513),(237,572),-2,-1;4,(182,713),(183,634),-2,-1
f.sups	8,(186,852),0;8,(164,375),0;8,(164,705),0;4,(186,852),(200,772),-2,-1;4,(164,705),(164,625),-2,-1;4,(164,625),(60,625),-1,-1;4,(164,705),(60,705),-1,-1
g.sups	8,(161,237),0;1,(170,713),5;6,(169,440),(169,362),-1;6,(170,478),(170,541),-1;14,(69,384),(169,440),(169,362),-1;14,(76,504),(170,541),(170,478),-1;4,(170,713),(344,704),-1,-1;4,(170,713),(170,644),-2,-1;4,(170,644),(344,629),-1,-1;4,(161,237),(178,300),-2,-1
h.sups	8,(242,713),0;8,(146,375),0;8,(242,375),0;8,(146,838),0;4,(242,713),(202,626),-2,-1
i.sups	8,(146,375),0;8,(146,705),0;4,(146,705),(94,749),-2,-1;4,(94,749),(94,855),-2,-1
j.sups	8,(27,240),0;8,(148,705),0;4,(27,240),(11,321),-2,-1;4,(148,705),(96,749),-2,-1;4,(96,749),(96,855),-2,-1
k.sups	8,(146,375),0;8,(255,375),0;8,(247,705),0;8,(146,838),0;14,(146,578),(146,375),(146,838),-1;14,(239,565),(146,838),(146,375),-1;14,(181,499),(146,375),(146,838),-1
l.sups	8,(42,838),0;8,(137,367),0;4,(137,367),(163,449),-2,-1
m.sups	8,(146,375),0;8,(236,713),0;4,(236,713),(126,705),-1,-1;14,(134,662),(236,713),(146,375),-1;4,(236,713),(433,713),-1,-1;14,(329,657),(433,713),(239,375),-1;4,(146,375),(342,375),-1,-1;4,(342,375),(539,375),-1,-1;4,(236,713),(198,626),-2,-1;4,(198,626),(394,626),-1,-1
n.sups	8,(242,713),0;8,(146,375),0;4,(242,713),(125,705),-1,-1;14,(134,662),(242,713),(146,375),-1;4,(146,375),(346,375),-1,-1;4,(242,713),(203,626),-2,-1
o.sups	8,(186,713),0;8,(186,367),0;4,(186,367),(186,449),-2,-1;4,(186,713),(186,631),-2,-1
p.sups	8,(42,242),0;8,(221,367),0;1,(229,713),5;4,(229,713),(42,705),-1,0;14,(132,671),(229,713),(221,367),-1;14,(140,402),(221,367),(229,713),-1;4,(221,367),(196,449),-2,-1;4,(229,713),(199,629),-2,-1
q.sups	8,(167,713),0;8,(164,367),0;8,(240,242),0;14,(245,403),(164,367),(167,713),-1;14,(253,670),(167,713),(164,367),-1;4,(167,713),(264,705),-1,-1;4,(164,367),(191,451),-2,-1;4,(167,713),(190,629),-2,-1
r.sups	8,(230,713),0;8,(146,375),0;4,(230,713),(126,705),-1,-1;14,(134,647),(230,713),(146,375),-1;4,(230,713),(218,622),-2,-1
s.sups	8,(143,367),0;1,(159,713),5;4,(143,367),(146,443),-2,-1;14,(119,510),(159,713),(143,367),-1;4,(159,713),(162,637),-2,-1;14,(193,573),(143,367),(159,713),-1
t.sups	8,(173,367),0;1,(62,705),5;4,(62,705),(57,624),-2,-1;4,(62,705),(161,790),-2,-1;4,(62,705),(238,705),-1,-1;4,(57,624),(238,624),-1,-1;4,(173,367),(202,448),-2,-1
u.sups	8,(144,367),0;1,(39,705),5;4,(144,367),(184,454),-2,-1;4,(39,705),(239,705),-1,-1;4,(144,367),(343,375),-1,0;14,(249,417),(144,367),(39,705),-1
v.sups	8,(118,375),0;1,(8,705),5;14,(179,451),(8,705),(118,375),-1;4,(8,705),(248,705),-1,-1
w.sups	8,(98,375),0;1,(16,705),5;14,(163,457),(16,705),(98,375),-1;4,(16,705),(222,705),-1,-1;4,(222,705),(412,705),-1,-1;4,(98,375),(308,375),-1,-1;14,(364,457),(412,705),(308,375),-1;14,(261,592),(16,705),(308,375),-1
x.sups	8,(8,375),0;1,(15,705),5;4,(8,375),(230,375),-1,-1;4,(15,705),(227,705),-1,-1;14,(181,603),(230,375),(227,705),-1;14,(165,478),(15,705),(8,375),-1;14,(112,546),(181,603),(165,478),-1;14,(238,534),(169,478),(181,603),-1
y.sups	8,(83,252),0;1,(8,705),5;4,(83,252),(75,331),-2,-1;14,(137,386),(8,705),(83,252),-1;14,(182,474),(8,705),(83,252),-1;4,(8,705),(246,705),-1,-1
z.sups	8,(42,705),0;8,(295,375),0;4,(295,375),(154,456),-2,-1;4,(154,456),(25,431),-1,0;4,(42,705),(162,624),-2,-1;4,(162,624),(291,649),-1,0
gammalatinsupmod	8,(180,237),0;1,(8,704),5;14,(177,393),(8,704),(180,237),-1;4,(180,237),(180,300),-2,-1;14,(178,492),(180,237),(8,704),-1;14,(246,437),(177,393),(178,492),-1;14,(112,435),(178,492),(177,393),-1;4,(8,704),(247,704),-1,-1
egrave.sups	8,(182,713),0;8,(193,367),0;6,(120,926),(175,748),-2;14,(319,513),(182,713),(193,367),0;4,(193,367),(207,446),-2,-1;4,(182,713),(183,634),-2,-1;4,(319,513),(121,572),-2,-1
eacute.sups	8,(182,713),0;8,(193,367),0;6,(192,748),(247,926),-1;14,(319,513),(182,713),(193,367),0;4,(193,367),(207,446),-2,-1;4,(182,713),(183,634),-2,-1;4,(319,513),(121,572),-2,-1
schwa.sups	8,(162,713),0;8,(164,367),0;14,(27,568),(162,713),(164,367),0;4,(162,713),(149,634),-2,-1;4,(164,367),(163,446),-2,-1;4,(27,568),(224,509),-2,-1
a.supa	8,(163,367),0;1,(167,713),5;14,(255,671),(167,713),(163,367),-1;4,(167,713),(344,704),-1,0;4,(163,367),(344,375),-1,0;14,(253,407),(163,367),(167,713),-1;4,(163,367),(191,450),-2,-1;4,(167,713),(190,631),-2,-1
g.supa	8,(175,237),0;1,(169,712),5;6,(167,390),(194,472),-1;4,(175,237),(175,317),-2,-1;14,(247,422),(167,390),(169,712),-1;14,(254,673),(169,712),(167,390),-1;4,(169,712),(347,704),-1,0;4,(169,712),(191,628),-2,-1
l.supa	8,(146,838),0;8,(146,375),0
colon.sups	6,(104,367),(104,496),-1;6,(104,574),(104,703),-1
hyphen.sups	6,(209,538),(209,610),-2
dollar	1,(215,642),3;2,(215,-10),0;4,(215,642),(278,528),0,-1;14,(204,464),(215,-10),(215,642),-1;14,(468,186),(215,642),(215,-10),-1;4,(215,-10),(312,-6),-1,-1;4,(215,-10),(312,-110),1,1;4,(215,-10),(246,107),0,-1;14,(327,176),(215,642),(215,-10),-1;14,(63,457),(215,-10),(215,642),-1;4,(215,642),(312,745),-1,0;4,(215,642),(312,644),-1,-1
sterling	1,(324,647),3;2,(48,0),0;4,(48,0),(497,124),1,-1;4,(497,124),(48,91),-1,0;14,(152,271),(324,647),(48,0),-1;4,(152,271),(126,362),-2,-1;4,(324,647),(338,528),0,-1;4,(126,362),(410,362),-1,-1;4,(152,271),(410,271),-1,-1
yen	1,(12,635),3;2,(190,0),0;6,(37,272),(37,342),-2;4,(37,272),(37,217),-1,-1;4,(37,217),(37,147),-1,-1;14,(264,371),(12,635),(190,0),-1;4,(12,635),(368,635),-1,-1;4,(37,342),(491,342),-1,-1;4,(37,272),(491,272),-1,-1;4,(37,217),(491,217),-1,-1;4,(37,147),(491,147),-1,-1
yuan	1,(12,635),3;2,(190,0),0;6,(37,240),(37,314),-2;14,(264,371),(12,635),(190,0),-1;4,(12,635),(368,635),-1,-1;4,(37,314),(491,314),-1,-1;4,(37,240),(491,240),-1,-1
Euro	1,(348,647),3;2,(337,-12),0;6,(75,288),(75,340),-2;4,(75,288),(83,215),-1,-1;4,(75,340),(83,413),-1,-1;4,(348,647),(343,533),0,-1;4,(83,413),(445,414),-1,-1;4,(75,340),(445,340),-1,-1;4,(75,288),(405,290),-1,-1;4,(83,215),(405,215),-1,-1;4,(337,-12),(346,102),0,-1
cent	6,(275,432),(275,558),0;6,(275,54),(275,182),0;4,(275,54),(356,54),-1,-1;4,(275,558),(356,562),-1,-1;4,(275,432),(356,443),-1,-1;4,(275,182),(356,171),-1,-1
florin	6,(408,664),(420,547),0;6,(116,-96),(94,19),0;6,(188,307),(200,414),0;4,(200,414),(443,414),-1,-1;4,(188,307),(443,307),-1,-1
lira	1,(324,647),3;2,(48,0),0;6,(148,291),(134,339),-2;4,(48,0),(497,124),1,-1;4,(497,124),(48,91),-1,0;4,(148,291),(152,217),-2,-1;4,(134,339),(113,414),-2,-1;4,(324,647),(338,528),0,-1;4,(113,414),(410,414),-1,-1;4,(134,339),(410,339),-1,-1;4,(148,291),(410,291),-1,-1;4,(152,217),(410,217),-1,-1
naira	1,(73,635),3;2,(73,0),0;6,(73,294),(73,342),-1;4,(73,342),(171,342),-1,-1;4,(171,342),(306,342),-1,-1;4,(73,294),(175,294),-1,-1;4,(175,294),(320,294),-1,-1;4,(73,294),(73,236),-2,-1;4,(73,236),(179,236),-1,-1;4,(179,236),(336,236),-1,-1;4,(73,635),(349,635),-1,-1;4,(73,0),(319,0),-1,-1;14,(376,109),(349,635),(319,0),-1;4,(73,342),(73,400),-2,-1;4,(73,400),(165,400),-1,-1;14,(152,526),(73,635),(73,0),-1;4,(320,294),(524,294),-1,-1;4,(336,236),(524,236),-1,-1;4,(165,400),(289,400),-1,-1;4,(289,400),(524,400),-1,-1;4,(306,342),(524,342),-1,-1
peseta	1,(65,635),3;2,(65,0),0;6,(204,305),(204,212),0;4,(65,635),(204,543),0,-1;14,(204,380),(204,305),(204,543),0;4,(204,380),(204,471),0,-1;4,(204,380),(461,380),-1,-1;4,(204,380),(65,380),-1,-1;4,(204,471),(65,470),-1,-1;4,(204,471),(460,471),-1,-1
dong	2,(78,0),0;6,(323,602),(323,528),-2;4,(78,0),(477,74),-2,-1;4,(323,528),(230,485),-1,-1;4,(230,485),(260,386),-2,-1;4,(477,74),(226,116),-1,-1;4,(226,116),(256,213),-2,-1;4,(323,528),(444,528),-1,-1;4,(323,602),(444,602),-1,-1
peso	1,(65,635),3;2,(65,0),0;4,(65,635),(204,543),0,-1;4,(204,543),(65,506),-1,-1;4,(65,506),(65,449),-1,-1;4,(65,449),(204,449),-1,-1;4,(65,449),(65,403),-1,-1;4,(65,403),(204,404),-1,-1;4,(65,403),(65,346),-1,-1;4,(65,346),(204,346),-1,-1;4,(65,346),(204,305),-2,-1;4,(65,506),(204,507),-1,-1;4,(204,449),(519,449),-1,-1;4,(204,404),(519,404),-1,-1;4,(204,346),(519,346),-1,-1;4,(204,305),(204,212),-2,-1;4,(204,507),(519,507),-1,-1
hryvnia	1,(246,647),3;2,(291,-12),0;6,(165,340),(114,290),-2;4,(114,290),(501,290),-1,-1;4,(114,290),(80,215),-1,-1;4,(80,215),(501,215),-1,-1;4,(291,-12),(291,102),0,-1;4,(165,340),(269,414),-1,-1;4,(246,647),(238,533),0,-1;4,(269,414),(501,414),-1,-1;4,(165,340),(501,340),-1,-1
cedi	1,(287,642),3;2,(287,-10),0;4,(287,642),(287,522),0,-1;4,(287,-10),(287,112),0,-1;4,(287,-10),(368,-8),-1,-1;4,(287,642),(368,645),-1,-1;4,(287,522),(368,529),-1,-1;4,(287,112),(368,107),-1,-1
rupeeindian	1,(69,635),3;2,(283,0),0;4,(69,635),(134,518),0,-1;4,(134,518),(333,561),-1,-1;4,(134,518),(248,463),-2,-1;4,(248,463),(394,463),-1,-1;4,(248,463),(249,389),-2,-1;4,(249,389),(395,389),-1,-1;4,(249,389),(134,318),-2,-1;4,(134,318),(140,201),0,-1;14,(277,226),(134,318),(140,201),-1
liraturkish	1,(90,635),3;2,(90,-12),0;6,(90,301),(90,356),-2;4,(90,301),(90,220),-1,-1;4,(90,356),(90,437),-2,-1;4,(90,437),(237,509),-1,-1;4,(90,356),(237,428),-1,-1;4,(90,301),(237,373),-1,-1;4,(90,220),(237,292),-1,-1;4,(90,-12),(237,125),1,-1
tugrik	1,(32,635),3;2,(190,0),0;6,(190,211),(190,265),-1;4,(190,211),(190,130),-2,-1;4,(190,265),(190,347),-2,-1;4,(32,635),(32,528),0,-1;4,(32,528),(495,528),-1,-1;4,(190,347),(337,417),-1,-1;4,(190,265),(337,335),-1,-1;4,(190,211),(337,281),-1,-1;4,(190,130),(337,200),-1,-1
tenge	1,(32,635),3;2,(190,0),0;4,(32,635),(495,561),-1,-1;4,(495,561),(107,511),-1,-1;4,(107,511),(495,436),-1,-1;4,(495,436),(32,436),-1,-1
ruble	1,(65,635),3;2,(65,0),0;14,(204,266),(65,635),(65,0),2;4,(204,266),(204,340),-1,-1;4,(65,635),(229,543),0,-1;4,(204,266),(204,217),-1,-1;4,(204,217),(204,143),-1,-1;4,(204,143),(65,143),-1,-1;4,(204,217),(65,216),-1,-1;4,(204,266),(65,266),-1,-1;4,(204,340),(65,339),-1,-1
asciitilde	6,(177,316),(179,420),-2;4,(177,316),(351,344),-1,0;4,(351,344),(349,240),-2,-1;4,(177,316),(105,258),-2,-1;4,(351,344),(423,402),-2,-1
gravecmb	1,(-10,572),2;4,(-10,572),(-92,826),-2,-1
gravecmb.cap	6,(10,680),(-95,894),-2
variacmb	8,(-44,555),2
acutecmb	1,(10,572),2;4,(10,572),(92,826),-2,-1
acutecmb.cap	8,(-10,680),0;4,(-10,680),(95,894),-2,-1
tonoscmb	8,(44,555),2
circumflexcmb	1,(-127,561),2;1,(127,561),2;4,(-127,561),(-75,744),-2,-1;14,(-2,653),(-75,744),(-127,561),-1
circumflexcmb.cap	8,(-106,685),0;4,(-106,685),(-80,835),-2,-1;4,(-106,685),(106,685),-1,-1;14,(-2,769),(-80,835),(-106,685),-1
tildecmb	6,(-63,637),(-66,739),-1;4,(-63,637),(63,675),-1,-1;4,(63,675),(66,573),-2,-1;4,(-63,637),(-98,582),-2,-1;4,(63,675),(98,730),-2,-1
tildecmb.cap	6,(-71,852),(-66,750),-2;4,(-66,750),(66,794),-1,-1;4,(66,794),(71,692),-2,-1;4,(-66,750),(-103,701),-2,-1;4,(66,794),(103,843),-2,-1
macroncmb	8,(-148,592),0;4,(-148,592),(148,685),-2,-1
macroncmb.cap	1,(-151,721),5;4,(-151,721),(151,815),-2,-1
brevecmb	6,(0,572),(0,664),-2;4,(0,664),(-169,729),-2,-1;4,(-169,729),(169,729),-1,-1
brevecmb.cyr	6,(0,572),(0,650),-2;4,(0,650),(-172,736),-2,-1;4,(-172,736),(172,736),-1,-1
brevecmb.cap	6,(0,697),(0,782),-2;4,(0,782),(-83,848),-2,-1;4,(-83,848),(83,848),-1,-1
brevecmb.cyrcap	6,(0,697),(0,771),-2;4,(0,771),(-178,835),-2,-1;4,(-178,835),(178,835),-1,-1
dotaccentcmb	6,(0,569),(0,723),-1
dotaccentcmb.cap	6,(0,701),(0,855),-2
dieresiscmb	6,(-109,569),(-109,712),-1;4,(-109,569),(109,569),-1,-1;4,(-109,712),(109,712),-1,-1
dieresiscmb.cap	6,(-111,700),(-111,840),-2;4,(-111,700),(111,700),-1,-1;4,(-111,840),(111,840),-1,-1
ringcmb	6,(0,564),(0,619),-2;6,(0,717),(0,772),-2
ringcmb.cap	6,(0,697),(0,752),-2;6,(0,839),(0,894),-2
hungarumlautcmb.cap	8,(-63,694),0;4,(-63,694),(-34,889),-2,-1;4,(-34,889),(153,889),-1,-1;4,(-63,694),(125,694),-1,-1
caroncmb	1,(-75,577),2;4,(-75,577),(-127,760),-2,-1;14,(-2,668),(-127,760),(-75,577),-1;4,(-127,760),(127,760),-1,-1
caroncmb.cap	8,(-80,702),0;4,(-80,702),(-106,852),-2,-1;14,(-2,768),(-106,852),(-80,702),-1;4,(-106,852),(106,852),-1,-1
dblgravecmb	8,(-127,565),0;4,(-127,565),(-137,781),-2,-1;4,(-137,781),(42,781),-1,-1;4,(-127,565),(52,565),-1,-1
dblgravecmb.cap	8,(-125,694),0;4,(-125,694),(-153,889),-2,-1;4,(-153,889),(34,889),-1,-1;4,(-125,694),(63,694),-1,-1
breveinvertedcmb	8,(-85,565),0;4,(-85,565),(0,645),-2,-1;4,(0,645),(0,736),-2,-1;4,(-85,565),(85,565),-1,-1
breveinvertedcmb.cap	8,(-83,694),0;4,(-83,694),(0,759),-2,-1;4,(0,759),(0,845),-2,-1;4,(-83,694),(83,694),-1,-1
commaturnedabovecmb	6,(-2,586),(-2,694),-2
commaabovecmb	6,(-2,686),(-1,794),-2
horncmb	6,(1,427),(-10,486),-1
commabelowcmb	6,(-46,-52),(-74,-106),-1;4,(-74,-106),(-113,-180),-2,-1;4,(-113,-180),(-102,-239),-2,-1
commabelowcmb.alt	6,(46,568),(74,622),-1;4,(74,622),(113,696),-2,-1;4,(113,696),(102,755),-2,-1
cedillacmb	6,(19,-61),(-87,-94),-1;4,(-87,-94),(-113,-180),-2,-1;4,(-113,-180),(-102,-239),-2,-1
cedillacmb.cap	6,(19,-61),(-87,-94),-1;4,(-87,-94),(-113,-180),-2,-1;4,(-113,-180),(-102,-239),-2,-1
ogonekcmb	6,(20,-210),(55,-123),-1
ogonekcmb.cap	6,(25,-223),(60,-128),-1
dieresisacute	6,(-109,571),(-109,694),-2;6,(107,830),(-49,749),-2;4,(-109,571),(109,571),-1,-1;4,(-109,694),(109,694),-1,-1
dieresisacute.cap	6,(-111,700),(-111,823),-1;6,(8,825),(40,1009),-1;4,(-111,700),(111,700),-1,-1;4,(-111,823),(111,823),-1,-1
dieresistonoscmb	6,(-133,584),(-133,697),-2;4,(-133,584),(133,584),-1,-1;4,(-133,697),(133,697),-1,-1
dieresisgrave	6,(-109,571),(-109,694),-2;6,(-29,882),(-7,713),-2;4,(-109,571),(109,571),-1,-1;4,(-109,694),(109,694),-1,-1
dieresisgrave.cap	6,(-111,700),(-111,823),-2;6,(-8,825),(-40,1009),-1;4,(-111,700),(111,700),-1,-1;4,(-111,823),(111,823),-1,-1
dialytikagravecmb	6,(-133,584),(-133,697),-2;4,(-133,584),(133,584),-1,-1;4,(-133,697),(133,697),-1,-1
dieresistilde	6,(-109,571),(-109,694),-2;6,(-59,759),(-67,839),-2;4,(-59,759),(59,795),-1,0;4,(59,795),(67,715),-2,-1;4,(67,715),(-160,727),-1,0;4,(-67,839),(96,834),-1,0;4,(-109,571),(109,571),-1,-1;4,(-109,694),(109,694),-1,-1
dieresismacron	6,(-109,571),(-109,694),-1;4,(-109,694),(-148,756),-2,-1;4,(-148,756),(-148,825),-2,-1;4,(-109,571),(109,571),-1,-1;4,(-109,694),(109,694),-1,-1
dieresismacron.cap	6,(-111,700),(-111,823),-1;4,(-111,823),(-151,872),-2,-1;4,(-151,872),(-151,941),-2,-1;4,(-111,700),(111,700),-1,-1;4,(-111,823),(111,823),-1,-1
dieresiscaron	6,(-109,571),(-109,694),-2;4,(-109,694),(-58,737),-2,-1;4,(-58,737),(-2,808),-2,-1;4,(-2,808),(-150,829),-2,-1;4,(-150,829),(150,829),-1,-1;4,(-109,571),(109,571),-1,-1;4,(-109,694),(109,694),-1,-1
dieresiscaron.cap	6,(-111,700),(-111,823),-1;4,(-111,823),(-63,854),-2,-1;4,(-63,854),(-2,922),-2,-1;4,(-2,922),(-155,956),-2,-1;4,(-155,956),(155,956),-1,-1;4,(-111,700),(111,700),-1,-1;4,(-111,823),(111,823),-1,-1
circumflexacute	6,(176,638),(199,809),-2;6,(-58,710),(-2,631),-1;4,(-2,631),(-151,618),-2,-1;4,(-151,618),(151,618),-1,-1
circumflexacute.cap	6,(152,759),(208,895),-1;6,(-63,824),(-2,757),-1;4,(-2,757),(-153,724),-2,-1;4,(-153,724),(153,724),-1,-1
circumflexgrave	6,(-176,638),(-203,809),-1;6,(-58,710),(-2,631),-1;4,(-2,631),(-151,618),-2,-1;4,(-151,618),(151,618),-1,-1
circumflexgrave.cap	6,(-152,759),(-205,895),-1;6,(-63,824),(-2,757),-1;4,(-2,757),(-153,724),-2,-1;4,(-153,724),(153,724),-1,-1
circumflexhoi	6,(-58,710),(-2,631),-1;4,(-2,631),(-151,618),-2,-1;4,(-151,618),(151,618),-1,-1;4,(151,618),(138,644),-2,-1;4,(138,644),(128,694),-2,-1;4,(128,694),(93,756),-2,-1;4,(93,756),(107,818),-2,-1
circumflexhoi.cap	6,(-63,824),(-2,757),-1;4,(-2,757),(-153,724),-2,-1;4,(-153,724),(153,724),-1,-1;4,(153,724),(137,750),-2,-1;4,(137,750),(126,797),-2,-1;4,(126,797),(93,857),-2,-1;4,(93,857),(106,917),-2,-1
circumflextilde	6,(-58,702),(-2,622),-1;4,(-2,622),(-151,618),-2,-1;4,(-151,618),(151,618),-1,-1;4,(-58,702),(58,716),-2,-1;4,(58,716),(50,796),-2,-1;4,(50,796),(-50,758),-1,-1;4,(-50,758),(-58,838),-2,-1;4,(50,796),(81,834),-2,-1;4,(-50,758),(-81,720),-2,-1
circumflextilde.cap	6,(-63,816),(-2,748),-1;4,(-2,748),(-153,724),-2,-1;4,(-153,724),(153,724),-1,-1;4,(-63,816),(60,838),-2,-1;4,(60,838),(51,919),-2,-1;4,(51,919),(-51,882),-1,-1;4,(-51,882),(-60,963),-2,-1;4,(51,919),(83,958),-2,-1;4,(-51,882),(-83,844),-2,-1
breveacute	6,(0,572),(0,655),-1;4,(0,655),(9,699),-2,-1;4,(9,699),(38,884),-2,-1;4,(0,655),(-169,729),-2,-1;4,(-169,729),(169,729),-1,-1
breveacute.cap	6,(0,697),(0,774),-1;4,(0,774),(17,805),-2,-1;4,(17,805),(40,989),-2,-1;4,(0,774),(-163,834),-2,-1;4,(-163,834),(163,834),-1,-1
brevegrave	6,(0,572),(0,655),-1;4,(0,655),(-9,699),-2,-1;4,(-9,699),(-38,884),-2,-1;4,(0,655),(-169,729),-2,-1;4,(-169,729),(169,729),-1,-1
brevegrave.cap	6,(0,697),(0,774),-1;4,(0,774),(-17,805),-2,-1;4,(-17,805),(-40,989),-2,-1;4,(0,774),(-163,834),-2,-1;4,(-163,834),(163,834),-1,-1
brevehoi	6,(0,572),(0,655),-1;4,(0,655),(-35,697),-2,-1;4,(-35,697),(-44,748),-2,-1;4,(-44,748),(-80,809),-2,-1;4,(-80,809),(-66,889),-2,-1;4,(0,655),(-169,729),-2,-1;4,(-169,729),(169,729),-1,-1
brevehoi.cap	6,(0,697),(0,774),-2;4,(0,774),(-32,806),-2,-1;4,(-32,806),(-44,853),-2,-1;4,(-44,853),(-77,913),-2,-1;4,(-77,913),(-63,974),-2,-1;4,(0,774),(-163,834),-2,-1;4,(-163,834),(163,834),-1,-1
brevetilde	6,(0,572),(0,645),-1;4,(0,645),(-154,685),-2,-1;4,(-154,685),(154,685),-1,-1;4,(154,685),(58,714),-2,-1;4,(58,714),(50,795),-2,-1;4,(50,795),(-50,756),-1,-1;4,(-50,756),(-58,837),-2,-1;4,(50,795),(81,832),-2,-1;4,(-50,756),(-81,718),-2,-1
brevetilde.cap	6,(0,702),(0,773),-1;4,(0,773),(-157,814),-2,-1;4,(-157,814),(157,814),-1,-1;4,(157,814),(60,847),-2,-1;4,(60,847),(51,927),-2,-1;4,(51,927),(-51,891),-1,-1;4,(-51,891),(-60,971),-2,-1;4,(51,927),(83,966),-2,-1;4,(-51,891),(-83,852),-2,-1
circumflexbreve	6,(-58,686),(-2,625),-1;4,(-2,625),(-140,597),-2,-1;4,(-140,597),(140,597),-1,-1;4,(-58,686),(0,719),-2,-1;4,(0,719),(0,788),-2,-1;4,(0,788),(-132,817),-2,-1;4,(-132,817),(132,817),-1,-1
circumflexbreve.cap	6,(-63,816),(-2,757),-1;4,(-2,757),(-150,724),-2,-1;4,(-150,724),(150,724),-1,-1;4,(-63,816),(0,850),-2,-1;4,(0,850),(0,921),-2,-1;4,(0,921),(-155,959),-2,-1;4,(-155,959),(155,959),-1,-1
macronacute	6,(-148,592),(-148,685),-1;4,(-148,685),(-28,713),-2,-1;4,(-28,713),(67,878),-2,-1
macronacute.cap	6,(-151,721),(-151,815),-1;4,(-151,815),(-31,834),-2,-1;4,(-31,834),(75,1007),-2,-1
