#Glyph name	TT hints
A	1,14,4;2,12,0;2,17,0;14,5,12,14,-1;14,11,12,14,0;4,11,9,0,-1
B	1,0,4;2,21,0;14,39,0,21,0;14,10,39,22,-1;4,0,29,1,-1;4,39,30,0,-1;4,21,41,1,-1
C	1,10,4;2,0,0;4,10,17,1,-1;4,0,27,1,-1
D	1,0,4;2,12,0;4,12,13,1,-1;4,0,23,1,-1
E	1,0,4;2,11,0;4,0,3,1,-1;14,7,0,11,0;4,7,5,0,-1;4,11,8,1,-1
F	1,0,4;2,9,0;4,0,3,1,-1;14,7,0,9,0;4,7,5,0,-1
G	1,10,4;2,0,0;4,10,17,1,-1;4,0,27,1,-1;14,34,10,0,0;4,34,32,0,-1
H	1,0,4;2,11,0;14,9,0,11,0;4,9,3,0,-1;4,0,4,-1,-1;4,11,7,-1,-1
I	1,0,4;2,3,0
J	1,10,4;2,0,0;4,0,6,1,-1
K	1,0,4;2,12,0;2,8,0;14,2,0,12,-1;4,0,4,-1,-1;14,6,4,8,-1;14,9,4,8,-1
L	1,0,4;2,5,0;4,5,2,1,-1
M	1,0,4;2,25,0;4,0,6,-1,-1;4,25,9,-1,-1;14,3,6,9,-1;14,13,9,6,-1;14,17,25,0,-1;14,20,0,25,-1
N	1,0,4;2,19,0;4,19,11,-1,-1;4,0,8,-1,-1;14,4,11,8,-1;14,14,0,19,-1
O	1,12,4;2,0,0;4,0,24,1,-1;4,12,34,1,-1
P	1,0,4;2,12,0;14,10,0,12,0;4,10,13,0,-1;4,0,20,1,-1
Q	1,40,4;2,28,0;4,28,5,1,-1;4,40,15,1,-1;4,28,55,-2,-1;4,55,25,1,-1;4,28,52,-1,-1
R	1,24,4;2,23,0;14,0,24,23,0;4,24,6,1,-1;14,17,0,20,-1;4,23,19,-1,-1;4,0,21,0,-1
S	1,26,4;2,0,0;4,0,7,1,-1;14,15,26,0,-1;4,26,33,1,-1;14,41,0,26,-1
T	1,2,4;2,7,0;4,2,0,1,-1;4,0,5,-1,-1
U	1,0,4;2,21,0;4,21,8,1,-1;4,0,14,-1,-1
V	1,0,4;2,13,0;14,5,0,13,-1;4,0,10,-1,-1
W	1,0,4;2,33,0;14,5,0,33,-1;4,0,10,-1,-1;4,10,20,-1,-1;4,33,23,-1,-1;14,15,20,23,-1;14,28,33,10,-1
X	1,1,4;2,25,0;2,15,0;14,6,1,25,-1;4,1,11,-1,-1;14,19,15,11,-1
Y	1,1,4;2,15,0;14,6,1,15,-1;4,1,11,-1,-1
Z	1,3,4;2,8,0;4,8,6,1,-1;4,6,0,-1,-1;4,3,1,1,-1;4,1,5,-1,-1
a	1,8,0;2,0,0;14,12,8,0,-1;4,8,14,-1,0;4,0,15,-1,0;14,17,0,8,-1;4,0,21,0,-1;4,17,24,1,-1;4,12,25,0,-1;4,8,28,0,-1
b	1,1,5;1,8,0;2,16,0;4,16,0,-1,0;14,4,8,16,-1;14,20,16,8,-1;4,8,22,0,-1;4,4,27,0,-1;4,20,28,0,-1;4,16,31,0,-1
c	1,8,0;2,0,0;4,8,15,0,-1;4,0,23,0,-1
d	1,1,5;1,17,0;2,9,0;4,9,3,-1,0;14,5,9,17,-1;14,21,17,9,-1;4,9,22,0,-1;4,5,25,1,-1;4,21,26,0,-1;4,17,29,0,-1
e	1,5,0;2,26,0;14,14,5,26,0;4,26,19,0,-1;4,14,29,0,-1;4,5,37,0,-1
f	1,5,5;1,1,0;2,23,0;4,5,12,0,-1;4,1,19,-1,-1;4,1,24,0,-1;4,24,20,-1,-1
g	1,22,0;2,0,1;4,0,7,0,-1;4,7,14,-2,-1;14,11,14,22,-1;14,26,22,14,-1;4,22,28,-1,0;4,14,32,0,-1;4,11,35,0,-1;4,26,36,0,-1;4,22,39,0,-1
h	1,0,5;1,7,0;2,14,0;2,26,0;14,4,14,0,-1;4,7,22,0,-1;4,4,25,0,-1
i	1,0,0;2,3,0;4,0,4,-1,0;4,4,10,-1,-1
j	1,11,0;2,0,1;4,0,7,0,-1;4,11,16,-1,0;4,16,22,-1,-1
k	1,4,0;1,0,5;2,12,0;2,8,0;14,2,0,12,-1;14,6,4,8,-1;14,9,0,8,-1
l	1,7,5;2,0,0;4,0,14,0,-1
m	1,6,0;2,45,0;4,6,0,-1,0;4,45,33,-1,-1;14,2,6,33,-1;4,6,14,-1,-1;14,11,14,22,-1;4,33,21,-1,-1;4,6,41,0,-1;4,41,29,-1,-1;4,11,32,0,-1;4,2,44,0,-1
n	1,6,0;2,25,0;4,6,0,-1,0;4,25,13,-1,-1;14,3,13,6,-1;4,6,21,0,-1;4,3,24,0,-1
o	1,8,0;2,0,0;4,0,16,0,-1;4,8,24,0,-1
p	1,9,0;2,2,1;2,17,0;4,9,3,-1,0;14,5,9,17,-1;14,20,17,9,-1;4,9,22,0,-1;4,5,27,0,-1;4,20,28,0,-1;4,17,31,0,-1
q	1,12,0;2,20,1;2,4,0;14,0,4,12,-1;14,16,12,4,-1;4,12,18,-1,0;4,4,22,0,-1;4,0,25,0,-1;4,16,26,0,-1;4,12,29,0,-1
r	1,6,0;2,18,0;4,6,0,-1,0;14,2,6,18,-1;4,6,13,-2,-1;4,2,16,1,-1
s	1,29,0;2,0,0;4,0,9,0,-1;14,19,29,0,-1;4,29,36,0,-1;4,19,44,0,-1
t	1,10,0;2,0,0;4,10,7,0,-1;4,10,14,-1,-1;4,7,15,-1,-1;4,0,23,0,-1
u	1,14,0;2,6,0;4,6,0,-1,0;14,2,14,6,-1;4,6,21,0,-1;4,2,24,0,-1;4,14,26,-1,-1
v	1,0,0;1,10,0;2,13,0;14,5,0,13,-1
w	1,0,0;2,31,0;14,3,0,31,-1;4,0,8,-1,-1;4,8,18,-1,-1;4,31,21,-1,-1;14,13,18,21,-1;14,26,31,0,-1
x	1,1,0;2,25,0;4,1,11,-1,-1;4,25,15,-1,-1;14,6,11,15,-1;14,20,1,25,-1;14,0,6,20,-1;14,13,20,6,-1
y	1,12,0;2,0,1;4,0,6,0,-1;14,16,12,0,-1;4,16,10,0,-1;4,12,22,-1,-1
z	1,3,0;2,8,0;4,8,6,0,-1;4,6,0,-1,-1;4,3,1,0,-1;4,1,5,-1,-1
Aogonek	1,36,4;2,35,0;6,22,16,-1;14,0,36,35,0;4,35,31,-1,-1;4,31,10,-1,-1;14,5,36,10,-1;4,0,33,0,-1
AE	1,18,4;2,17,0;14,0,18,17,-1;14,4,18,17,0;4,17,13,-1,-1;14,8,18,13,0;4,8,6,0,-1;4,13,11,1,-1;4,4,15,0,-1;4,18,20,1,-1
Eogonek	1,0,4;2,33,0;6,24,18,-1;4,0,2,1,-1;14,6,0,33,0;4,6,4,0,-1;4,33,9,1,-1;4,33,10,-1,-1
Hbar	1,16,4;2,11,0;4,16,20,-1,-1;4,20,18,-2,-1;4,18,0,0,-1;4,0,2,-2,-1;4,0,4,-1,-1;4,11,7,-1,-1;4,2,8,0,-1;4,0,12,-1,-1;4,18,15,-1,-1;4,18,23,-1,-1
Iogonek	1,10,4;2,9,0;6,0,20,-1;4,9,12,-1,-1
Lslash	1,7,4;2,1,0;4,1,0,1,-1;14,3,1,7,-1;4,3,4,-2,-1;4,3,6,-2,-1;14,9,1,7,-1;4,9,10,-2,-1;4,9,12,-2,-1
Oslash	1,50,4;2,35,0;14,38,35,50,-1;4,38,0,-2,-1;4,35,3,0,-1;14,53,50,35,-1;4,53,25,-2,-1;4,25,11,-2,-1;4,53,12,-2,-1;4,50,15,0,-1;4,38,41,-2,-1;4,41,24,-2,-1
OE	1,10,4;2,0,0;4,10,12,1,-1;14,16,10,0,0;4,16,14,0,-1;4,0,19,1,-1;4,12,23,-1,-1;4,19,33,-1,-1
Ohorn	1,51,4;2,39,0;4,51,5,0,-1;4,39,17,0,-1;4,51,22,-2,-1;14,29,51,5,-1
Oogonek	1,20,4;2,8,0;6,0,36,-1;4,8,30,-1,-1;4,8,42,0,-1;4,20,52,0,-1
Germandbls	1,33,4;2,0,0;4,0,7,0,-1;14,17,33,0,-1;4,17,18,0,-1;4,33,22,0,-1;4,0,27,-1,0;14,37,17,18,-1
Uogonek	1,32,4;2,25,0;6,19,13,-1;4,25,5,-1,-1;4,25,40,1,-1;4,32,46,-1,-1
Uhorn	1,20,4;2,13,0;4,20,34,-1,-1;4,34,0,-2,-1;4,13,28,1,-1
Eth	1,33,4;2,28,0;4,28,0,1,-1;4,33,10,1,-1;14,14,33,28,-1;4,14,12,0,-1;4,14,29,-1,-1;4,12,32,-1,-1
Thorn	1,0,4;2,14,0;6,2,22,1;6,12,23,1
Schwa	1,14,4;2,24,0;4,24,5,0,-1;14,10,14,24,0;4,10,32,0,-1;4,14,41,0,-1
aogonek	1,21,0;2,13,0;6,0,34,-1;4,13,28,-1,0;4,28,8,-1,-1;14,9,13,21,-1;14,25,21,13,-1;4,21,27,-1,0;4,13,40,0,-1;4,9,43,0,-1;4,25,44,0,-1;4,21,47,0,-1
ae	1,18,0;1,24,0;2,51,0;2,45,0;14,5,18,51,0;4,18,11,0,-1;14,21,45,24,-1;14,32,45,24,0;4,45,38,0,-1;14,48,18,51,-1;4,24,64,0,-1;4,32,69,0,-1;4,5,70,0,-1;4,51,78,0,-1
dcroat	1,41,5;2,23,0;4,41,43,-2,-1;4,43,37,0,-1;4,37,31,-2,-1;14,35,31,23,-1;4,35,0,0,-1;4,31,3,0,-1;4,23,11,0,-1;14,19,23,31,-1;4,19,14,1,-1;4,37,16,-1,-1;4,43,39,-1,-1
eogonek	1,16,0;2,8,0;6,46,40,-1;14,24,16,8,0;4,8,30,0,-1;4,16,57,0,-1;4,24,62,0,-1
hbar	1,28,5;2,23,0;4,28,27,-2,-1;4,27,24,0,-1;4,24,3,-2,-1;4,23,11,-1,-1;4,3,18,0,-1;14,35,3,23,-1;4,35,21,0,-1;4,27,31,-1,-1;4,24,32,-1,-1
iogonek	1,10,0;2,9,0;6,0,18,-1;4,9,12,-1,-1;4,10,24,-1,-1;4,24,30,-1,-1
iogonek.d	1,10,0;2,9,0;6,0,18,-1;4,9,12,-1,-1
dotlessi	1,0,0;2,2,0
kgreenlandic	1,0,0;2,12,0;14,2,0,12,-1;4,0,4,-1,-1;4,12,8,-1,-1;14,6,0,8,-1;14,9,12,0,-1
lslash	1,23,5;2,12,0;4,12,5,0,-1;14,19,23,12,-1;4,19,20,-2,-1;4,19,22,-2,-1;14,25,12,23,-1;4,25,26,-2,-1;4,25,28,-2,-1
oslash	1,39,0;2,27,0;14,29,27,39,-1;4,29,0,-2,-1;4,27,2,0,-1;14,41,39,27,-1;4,41,20,-2,-1;4,20,9,-2,-1;4,41,10,-2,-1;4,39,12,0,-1;4,29,32,-2,-1;4,32,19,-2,-1
oe	1,8,0;1,14,0;2,0,0;2,35,0;14,11,35,14,-1;14,22,14,35,0;4,35,28,0,-1;14,38,8,0,-1;4,0,43,0,-1;4,8,51,0,-1;4,14,67,0,-1;4,22,72,0,-1
ohorn	1,40,0;2,32,0;4,32,0,0,-1;4,40,8,0,-1;4,40,16,-2,-1;14,24,40,8,-1
ohorntilde	1,68,0;2,60,0;4,68,5,-2,-1;4,5,24,-2,-1;4,24,10,-2,-1;4,5,13,-1,-1;4,10,19,-2,-1;4,19,27,-1,-1;4,60,28,0,-1;4,68,36,0,-1;4,68,44,-2,-1;14,52,60,68,-1;4,36,70,-1,0
oogonek	1,16,0;2,8,0;6,0,30,-1;4,8,22,-1,-1;4,8,36,0,-1;4,16,44,0,-1
germandbls	1,42,5;2,0,0;4,0,7,0,-1;4,42,29,0,-1;4,0,36,-1,0
uogonek	1,20,0;2,13,0;6,0,40,-1;14,9,20,13,-1;4,13,28,0,-1;4,9,31,0,-1;4,20,32,-1,-1;4,13,34,-1,0
uhorn	1,22,0;2,15,0;4,22,34,-1,-1;4,34,0,-2,-1;4,15,9,-1,0;4,15,30,0,-1
eth	1,51,5;2,28,0;4,28,0,0,-1;4,51,47,-2,-1;4,47,44,-2,-1;4,44,45,-2,-1;4,45,38,-2,-1;14,41,38,28,-1;4,41,5,0,-1;4,38,10,0,-1;4,44,20,-2,-1;4,47,53,-2,-1
thorn	1,0,5;1,7,0;2,22,1;2,15,0;14,3,7,15,-1;14,19,15,7,-1;4,15,23,0,-1;4,7,31,0,-1;4,3,36,0,-1;4,19,37,0,-1
dotlessj	1,11,0;2,0,1;4,0,7,0,-1
schwa	1,26,0;2,5,0;14,13,26,5,0;4,26,19,0,-1;4,5,29,0,-1;4,13,34,0,-1
f_f	1,29,0;1,33,5;2,25,0;4,33,3,-1,0;4,33,40,0,-1;4,40,10,-1,0;4,29,47,-1,-1;4,47,17,-1,-1;4,29,26,0,-1;4,26,22,-1,-1;4,22,18,-1,-1;4,25,21,-1,-1
f_t	1,27,0;1,31,5;2,13,0;4,13,6,0,-1;4,27,24,0,-1;4,24,20,-1,-1;4,13,23,-1,0;4,31,38,0,-1;4,27,45,-1,-1;4,45,49,-1,-1;4,20,50,-1,-1
I.alt	1,4,4;2,11,0;4,11,0,0,-1;4,4,3,0,-1;4,3,6,-1,-1;4,0,9,-1,-1
Iogonek.alt	1,14,4;2,9,0;6,0,29,-1;4,9,10,0,-1;4,14,13,0,-1;4,13,16,-1,-1;4,10,19,-1,-1;4,9,20,-1,-1
a.alt	1,18,0;2,33,0;14,5,18,33,0;4,18,11,0,-1;4,33,27,-1,0;14,29,18,33,-1;4,5,38,0,-1;4,33,46,0,-1;4,29,48,0,-1
aogonek.alt	1,27,0;2,4,0;6,48,42,-1;14,14,27,4,0;4,27,20,0,-1;4,4,36,-1,0;4,36,56,-1,-1;4,14,57,0,-1;4,4,65,0,-1
g.alt	1,25,0;2,0,1;14,47,25,0,0;4,47,79,0,-1;14,11,47,79,-1;14,39,25,0,0;4,39,55,0,-1;14,17,55,39,-1;4,25,29,-1,0;4,25,63,0,-1;4,63,30,-1,0;4,0,71,0,-1
lslash.alt	1,7,5;2,1,0;14,9,1,7,-1;4,9,0,0,-1;14,3,1,7,-1;4,3,4,-2,-1;4,3,6,0,-1;4,9,10,-2,-1
ampersand	1,61,4;2,44,0;4,44,5,0,-1;4,44,38,-1,-1;14,31,38,61,-1;14,72,31,44,-1;14,41,44,31,-1;14,8,72,41,-1;14,11,61,38,-1;14,18,38,61,-1;4,61,26,0,-1;14,34,41,72,-1;14,54,18,11,-1;14,69,11,18,-1
zero	1,12,3;2,0,0;4,0,24,0,-1;4,12,34,0,-1
one	1,7,3;2,12,0;4,12,0,0,-1;4,7,4,-2,-1;4,4,2,0,-1;4,0,10,-1,-1
two	1,17,3;2,29,0;4,29,27,0,-1;4,27,0,-1,-1;4,17,10,0,-1
three	1,39,3;2,0,0;4,0,11,0,-1;14,21,39,0,0;4,21,22,0,-1;4,39,30,0,-1;14,46,21,22,-1
four	1,4,3;2,0,0;14,11,4,0,0;4,11,1,0,-1;4,11,3,-1,-1;4,11,6,-1,-1;4,1,8,-1,-1;14,15,4,0,-1
five	1,24,3;2,0,0;4,0,11,0,-1;14,19,24,0,0;4,24,26,0,-1;4,19,31,0,-1
six	1,52,3;2,42,0;14,0,52,42,0;4,0,32,-2,-1;14,29,32,42,-1;4,29,5,0,-1;4,42,13,0,-1;4,52,24,0,-1
seven	1,7,3;2,0,0;4,7,5,0,-1;4,5,9,-1,-1
eight	1,19,3;2,0,0;14,70,19,0,-1;4,70,40,-1,-1;14,10,40,70,-1;14,30,40,70,-1;4,19,50,0,-1;4,0,60,0,-1
nine	1,42,3;2,52,0;14,32,42,52,0;4,32,0,-2,-1;14,29,42,32,-1;4,29,5,0,-1;4,42,13,0,-1;4,52,24,0,-1
zero.pnum	1,12,3;2,0,0;4,0,24,0,-1;4,12,36,0,-1
one.pnum	1,5,3;2,7,0;4,5,2,-2,-1;4,2,0,0,-1
two.pnum	1,17,3;2,29,0;4,29,27,0,-1;4,27,0,-1,-1;4,17,10,0,-1
seven.pnum	1,7,3;2,0,0;4,7,5,0,-1;4,5,9,-1,-1
zero.tnum	1,8,2;2,0,0;4,0,16,0,-1;4,8,24,0,-1
one.tnum	1,7,2;2,11,0;4,11,0,0,-1;4,7,4,-2,-1;4,4,2,0,-1;4,0,10,-1,-1
two.tnum	1,17,2;2,29,0;4,29,27,0,-1;4,27,0,-1,-1;4,17,10,0,-1
three.tnum	1,39,2;6,0,11,0;14,21,39,0,0;4,21,22,0,-1;4,39,30,0,-1;14,46,21,22,-1
four.tnum	8,13,2;1,17,2;14,0,13,17,0;14,5,17,13,-1;4,0,14,0,-1;4,14,10,-1,-1;4,0,16,-1,-1;4,0,20,-1,-1
five.tnum	1,24,2;6,0,11,0;14,19,24,0,0;4,24,26,0,-1;4,19,31,0,-1
seven.tnum	1,7,2;4,7,5,0,-1;4,5,9,-1,-1
nine.tnum	1,42,2;6,52,24,0;14,32,42,52,0;4,32,0,-2,-1;14,29,42,32,-1;4,29,5,0,-1;4,42,13,0,-1
one.onum	1,5,2;2,7,0;4,5,2,-2,-1;4,2,0,0,-1
two.onum	1,17,2;2,29,0;4,29,27,0,-1;4,27,0,-1,-1;4,17,10,0,-1
seven.onum	1,7,2;4,7,5,0,-1;4,5,9,-1,-1
period	2,0,0;4,0,6,-1,-1
comma	2,0,0;4,0,6,-1,-1
dollar	1,53,3;2,27,0;4,53,0,-1,-1;4,53,7,0,-1;4,27,24,-1,-1;4,27,36,0,-1
Euro	1,5,3;2,38,0;6,43,46,0;6,48,0,0;4,5,14,0,-1;4,0,20,-1,-1;4,48,21,-1,-1;4,46,26,-1,-1;4,43,27,-1,-1;4,38,31,0,-1
tildecmb	1,0,2;4,0,19,0,-1;4,19,5,-1,-1;4,0,8,-1,-1;4,5,14,0,-1;4,14,22,-1,-1
tildecmb.cap	1,0,5;4,0,17,0,-1;4,17,5,-1,-1;4,0,8,-1,-1;4,5,12,0,-1;4,12,20,-1,-1
brevetilde	1,0,2;4,0,11,-2,-1;4,11,6,-2,-1;4,6,16,-1,-1;4,16,22,-2,-1;4,22,41,-2,-1;4,41,27,-1,-1;4,22,30,-1,-1;4,27,36,-2,-1;4,36,44,-1,-1
brevetilde.cap	1,0,5;4,0,9,-2,-1;4,9,6,-2,-1;4,6,12,-1,-1;4,12,18,-2,-1;4,18,37,-2,-1;4,37,23,-1,-1;4,18,26,-1,-1;4,23,32,-2,-1;4,32,40,-1,-1
Bstroke	1,40,4;2,35,0;4,35,0,0,-1;4,0,13,-2,-1;4,13,11,0,-1;4,11,9,-2,-1;4,9,16,0,-1;4,40,22,0,-1;4,13,37,-1,-1;4,11,39,-1,-1;14,49,16,9,-1
