#Glyph name	TT hints
A	1,14,3;2,12,0;2,17,0;14,5,12,14,-1;14,11,12,14,0;4,11,9,0,-1
B	1,0,3;2,15,0;14,33,0,15,0;14,8,33,16,-1;4,0,23,0,-1;4,33,24,0,-1;4,15,35,0,-1
C	1,5,3;2,29,0;4,5,12,0,-1;4,29,22,0,-1
D	1,0,3;2,12,0;4,12,13,0,-1;4,0,23,0,-1
E	1,0,3;2,11,0;4,0,3,0,-1;14,7,0,11,0;4,7,5,0,-1;4,11,8,0,-1
F	1,0,3;2,9,0;4,0,3,0,-1;14,7,0,9,0;4,7,5,0,-1
G	1,5,3;2,35,0;4,5,14,0,-1;4,35,24,0,-1;14,31,5,35,0;4,31,29,0,-1
H	1,0,3;2,11,0;14,9,0,11,0;4,9,3,0,-1;4,0,4,-1,-1;4,11,7,-1,-1
I	1,0,3;2,3,0
J	1,7,3;2,14,0;4,14,3,0,-1
K	1,0,3;2,12,0;14,2,0,12,-1;4,0,4,-1,-1;4,12,8,-1,-1;14,9,4,8,-1
L	1,0,3;2,5,0;4,5,2,0,-1
M	1,0,3;2,25,0;4,0,6,-1,-1;4,25,9,-1,-1;14,3,6,9,-1;14,14,6,9,-1;14,17,25,6,-1;14,20,0,25,-1
N	1,0,3;2,19,0;4,19,11,-1,-1;4,0,8,-1,-1;14,4,11,8,-1;14,14,0,19,-1
O	1,10,3;2,0,0;4,0,20,0,-1;4,10,30,0,-1
P	1,0,3;2,10,0;14,8,0,10,0;4,8,11,0,-1;4,0,18,0,-1
Q	1,36,3;2,26,0;6,23,49,0;4,26,5,0,-1;4,36,15,0,-1;4,26,46,-1,-1
R	1,14,3;2,12,0;2,9,0;6,10,0,0;4,14,7,0,-1;14,23,10,0,-1
S	1,24,3;2,50,0;4,50,3,0,-1;14,13,24,50,-1;4,24,31,0,-1;14,39,50,24,-1
T	1,2,3;2,7,0;4,2,0,0,-1;4,0,5,-1,-1
U	1,0,3;2,20,0;4,20,7,0,-1;4,0,13,-1,-1
V	1,0,3;2,17,0;14,8,0,17,-1;4,0,14,-1,-1
W	1,0,3;2,29,0;14,3,0,29,-1;4,0,8,-1,-1;4,8,16,-1,-1;4,29,19,-1,-1;14,11,16,19,-1;14,24,29,8,-1
X	1,1,3;2,25,0;14,6,1,25,-1;4,1,11,-1,-1;4,25,15,-1,-1;14,19,15,11,-1
Y	1,1,3;2,15,0;14,6,1,15,-1;4,1,11,-1,-1
Z	1,3,3;2,8,0;4,8,6,0,-1;4,6,0,-1,-1;4,3,1,0,-1;4,1,5,-1,-1
a	1,19,0;2,31,0;2,26,0;14,3,19,31,0;4,19,8,0,-1;4,31,41,0,-1;4,3,45,0,-1
b	1,0,4;1,6,0;2,14,0;2,20,0;4,14,24,0,-1;4,6,34,0,-1
c	1,5,0;2,29,0;4,5,12,0,-1;4,29,22,0,-1
d	1,10,4;1,5,0;2,18,0;2,13,0;4,18,26,0,-1;4,5,33,0,-1
e	1,5,0;2,24,0;14,11,5,24,0;4,24,17,0,-1;4,5,32,0,-1;4,11,37,0,-1
f	1,20,4;1,7,0;2,11,0;4,20,3,0,-1;4,7,10,0,-1;4,10,13,-1,-1;4,7,16,-1,-1
g	1,37,0;2,71,1;4,71,3,0,-1;14,62,37,71,0;4,62,11,0,-1;4,37,41,-1,0;4,41,42,0,-1;4,62,51,-1,0;4,51,74,0,-1;4,37,84,0,-1
h	1,0,4;1,6,0;2,20,0;4,20,11,-1,-1;4,6,15,0,-1
i	1,12,0;2,14,0;6,0,6,-2
j	1,0,0;2,5,1;6,18,24,-2;4,5,12,0,-1
k	1,0,4;1,4,0;2,12,0;14,2,0,12,-1;4,12,8,-1,-1;14,9,0,8,-1
l	1,0,4;2,11,0;4,11,4,0,-1
m	1,6,0;1,0,0;2,34,0;4,6,12,-1,-1;4,34,26,-1,-1;4,26,17,-1,-1;4,12,21,0,-1;4,6,30,0,-1
n	1,6,0;1,0,0;2,20,0;4,20,11,-1,-1;4,6,15,0,-1
o	1,5,0;2,15,0;4,15,25,0,-1;4,5,35,0,-1
p	1,9,0;1,3,0;2,2,1;2,17,0;4,17,24,0,-1;4,9,34,0,-1
q	1,5,0;1,11,0;2,13,1;2,18,0;4,18,26,0,-1;4,5,33,0,-1
r	1,6,0;1,0,0;2,18,0;4,6,13,-2,-1
s	1,23,0;2,50,0;4,50,3,0,-1;14,13,50,23,-1;4,23,30,0,-1;14,40,23,50,-1
t	1,6,0;2,22,0;4,6,9,0,-1;4,9,0,-1,-1;4,6,3,-1,-1;4,22,15,0,-1
u	1,0,0;2,17,0;2,12,0;4,17,5,0,-1;4,0,9,-1,-1
v	1,0,0;2,13,0;14,5,0,13,-1;4,0,10,-1,-1
w	1,0,0;2,33,0;14,5,33,0,-1;4,0,10,-1,-1;4,33,23,-1,-1;4,10,20,-1,-1;14,15,23,20,-1;14,28,0,32,-1
x	1,1,0;2,25,0;4,1,11,-1,-1;4,25,15,-1,-1;14,6,11,15,-1;14,20,1,25,-1
y	1,8,0;2,25,1;4,25,3,0,-1;14,13,8,25,-1;4,8,18,-1,-1
z	1,3,0;2,8,0;4,8,6,0,-1;4,6,0,-1,-1;4,3,1,0,-1;4,1,5,-1,-1
Aogonek	1,25,3;2,19,0;2,23,0;2,27,0;6,13,33,-2;14,5,23,25,-1;14,22,23,25,0;4,22,9,0,-1
AE	1,14,3;2,12,0;2,8,0;14,2,12,14,-1;14,11,12,14,0;4,11,6,0,-1;4,14,17,0,-1;14,21,8,14,0;4,21,18,0,-1;4,8,22,0,-1
Eogonek	1,0,3;2,33,0;6,26,19,-2;4,0,2,0,-1;14,7,0,33,0;4,7,5,0,-1;4,33,9,0,-1;4,33,10,-1,-1
Hbar	1,17,3;1,20,3;2,10,0;2,7,0;14,9,10,17,0;4,9,2,0,-1;4,2,1,-2,-1;4,1,5,-1,-1;4,1,12,-1,-1;4,1,18,0,-1;4,18,15,-1,-1;4,18,22,-1,-1
Iogonek	1,0,3;2,2,0;2,22,0;6,8,15,-2
Lslash	1,8,3;2,2,0;14,3,2,8,0;4,3,6,-2,-1;4,6,9,-1,-1;4,3,12,-1,-1;4,2,13,0,-1
Oslash	1,45,3;2,31,0;14,0,31,45,-1;4,31,3,0,-1;14,12,31,45,-1;4,45,14,0,-1
OE	1,5,3;2,16,0;4,5,28,0,-1;4,28,7,-1,-1;14,12,5,16,0;4,12,10,0,-1;4,16,27,0,-1;4,27,14,-1,-1
Ohorn	1,43,3;2,33,0;6,45,25,-1;4,33,0,0,-1;4,43,10,0,-1
Oogonek	1,13,3;2,3,0;6,34,27,-2;4,3,21,-1,-1;4,3,37,0,-1;4,13,47,0,-1
Germandbls	1,5,3;2,19,0;2,46,0;14,9,19,5,-1;4,19,26,0,-1;4,5,39,0,-1
Uogonek	1,0,3;2,39,0;6,33,26,-2;4,39,7,0,-1;4,0,13,-1,-1;4,39,20,-1,-1
Uhorn	1,19,3;1,32,3;2,13,0;4,32,7,-2,-1;4,13,26,0,-1
Eth	1,33,3;2,28,0;4,33,11,0,-1;14,15,28,33,0;4,15,12,0,-1;4,28,16,0,-1;4,15,29,-1,-1;4,12,32,-1,-1
Thorn	1,0,3;2,12,0;6,10,21,0;6,20,2,0
Schwa	1,14,3;2,24,0;4,24,5,0,-1;14,10,24,14,0;4,10,31,0,-1;4,14,36,0,-1
aogonek	1,33,0;2,63,0;2,39,0;6,52,45,-2;4,63,5,0,-1;14,17,33,63,0;4,17,9,-1,-1;4,33,22,0,-1;4,39,58,-1,-1
ae	1,22,0;1,28,0;2,59,0;2,49,0;4,59,5,0,-1;14,67,59,22,0;4,67,12,0,-1;14,34,28,49,0;4,49,40,0,-1;4,22,72,0,-1;4,28,81,0,-1;4,34,86,0,-1
dcroat	8,34,0;1,43,4;2,26,0;2,21,0;4,34,3,0,-1;4,26,13,0,-1;14,39,21,43,0;4,39,19,-1,-1;4,39,42,0,-1;4,42,45,-1,-1
eogonek	1,5,0;2,45,0;6,34,27,-2;14,11,5,45,0;4,45,17,0,-1;4,5,53,0,-1;4,11,58,0,-1
hbar	1,22,4;2,17,0;4,22,21,-1,0;4,21,18,0,-1;4,18,26,-1,-1;4,26,3,-1,-1;4,17,8,-1,-1;4,3,12,0,-1;4,21,25,-1,-1
iogonek	1,0,0;2,22,0;6,29,23,-2;6,15,8,-2;4,22,2,-1,-1
iogonek.d	1,0,0;2,22,0;6,15,8,-2;4,22,2,-1,-1
dotlessi	1,0,0;2,2,0
kgreenlandic	1,0,0;2,12,0;14,2,0,12,-1;4,0,4,-1,-1;4,12,8,-1,-1;14,6,0,8,-1;14,9,0,12,-1
lslash	1,18,4;2,10,0;14,14,10,18,0;4,14,0,-1,-1;4,10,3,0,-1;4,14,17,-2,-1;4,17,20,-1,-1
oslash	1,46,0;2,32,0;14,0,32,46,-1;4,32,3,0,-1;14,12,46,32,-1;4,46,15,0,-1
oe	1,25,0;2,56,0;4,56,5,0,-1;4,25,15,0,-1;4,25,31,-1,-1;4,56,50,-1,-1;14,37,31,50,0;4,50,43,0,-1;4,31,64,0,-1;4,37,69,0,-1
ohorn	1,45,0;2,35,0;6,27,47,-1;4,35,0,0,-1;4,45,10,0,-1
oogonek	1,15,0;2,5,0;6,38,31,-2;4,5,25,-1,-1;4,5,46,0,-1;4,15,56,0,-1
germandbls	1,3,4;2,57,0;2,25,0;14,13,25,3,-1;4,25,32,0,-1;14,37,25,3,-1;14,49,25,3,-1;4,3,52,0,-1
uogonek	1,0,0;2,35,0;2,11,0;6,24,17,-2;4,35,5,0,-1;4,0,9,-1,-1;4,11,30,-1,-1
uhorn	1,18,0;1,28,0;2,14,0;2,9,0;4,28,7,-2,-1;4,14,23,0,-1
eth	2,30,0;6,12,40,0;6,45,48,-1;4,30,0,0,-1;4,45,22,-1,-1;4,48,52,-2,-1;4,48,55,-1,-1
thorn	1,2,4;1,8,0;2,1,1;2,16,0;4,16,24,0,-1;4,8,34,0,-1
dotlessj	1,0,0;2,5,1;4,5,12,0,-1
ascript	1,22,0;2,35,0;4,35,5,0,-1;4,22,12,0,-1;4,22,28,-1,0;4,35,29,-1,0
schwa	1,16,0;2,26,0;14,4,16,26,0;4,16,9,0,-1;4,4,31,0,-1;4,26,36,0,-1
gscript	1,18,0;1,23,0;2,28,1;6,10,32,0;4,28,3,0,-1;4,18,39,0,-1
f_f	1,20,0;1,40,4;2,16,0;4,40,3,0,-1;4,20,36,-1,-1;4,36,8,-1,-1;4,20,17,0,-1;4,17,13,-1,-1;4,13,9,-1,-1;4,16,12,-1,-1;4,20,19,-1,-1;4,40,24,-1,-1;4,24,31,0,-1
f_t	1,16,0;1,20,4;2,12,0;2,3,0;4,16,13,0,-1;4,13,9,-1,-1;4,16,15,-1,0;4,20,26,0,-1;4,16,31,-1,-1;4,31,35,-1,-1;4,9,36,-1,-1;4,3,43,0,-1
I.alt	1,4,3;2,11,0;4,11,1,0,-1;4,4,2,0,-1;4,2,7,-1,-1;4,1,8,-1,-1
Iogonek.alt	1,4,3;2,31,0;2,10,0;6,24,17,-2;4,31,1,0,-1;4,4,2,0,-1;4,2,7,-1,-1;4,1,8,-1,-1
aogonek.alt	1,22,0;2,53,0;2,29,0;6,42,35,-2;4,53,5,0,-1;4,22,12,0,-1;4,29,48,-1,-1
l.alt	1,0,4;2,2,0
lslash.alt	1,8,4;2,3,0;14,4,3,8,0;4,4,1,-1,-1;4,4,7,-2,-1;4,7,10,-2,-1
ampersand	1,58,3;2,34,0;2,40,0;6,37,69,-2;4,40,0,0,-1;14,3,37,69,-1;14,6,40,58,0;4,6,19,-2,-1;4,58,29,0,-1;14,50,6,19,-1;14,66,6,19,-1;14,76,37,69,-1
zero	1,6,2;2,0,0;4,0,12,0,-1;4,6,18,0,-1
one	1,7,2;2,12,0;4,12,1,0,-1;4,7,2,-2,-1;4,1,9,-1,-1
two	1,17,2;2,30,0;4,30,28,0,-1;4,28,25,-1,-1;4,25,0,-1,-1;4,17,10,0,-1
three	1,31,2;2,52,0;4,52,5,0,-1;14,15,31,52,0;4,15,16,0,-1;4,31,24,0,-1;14,42,16,15,-1
four	1,18,2;2,13,0;6,0,14,0;4,18,4,-2,-1;4,0,9,-1,-1;4,14,11,-1,-1;4,9,16,-1,-1;4,0,19,-1,-1
five	1,18,2;2,35,0;4,35,5,0,-1;14,25,18,35,0;4,25,13,-2,-1;4,18,20,0,-1
six	1,45,2;2,37,0;6,10,29,0;4,37,0,0,-1;4,45,21,0,-1
seven	1,7,2;2,0,0;4,7,5,0,-1;4,5,9,-1,-1
eight	1,52,2;2,73,0;4,73,5,0,-1;14,15,73,52,0;4,15,18,-1,-1;4,52,26,0,-1;4,15,41,-2,-1;4,18,62,-2,-1
nine	1,37,2;2,45,0;6,29,0,0;4,37,8,0,-1;4,45,21,0,-1
zero.pnum	1,6,2;2,0,0;4,0,12,0,-1;4,6,18,0,-1
one.pnum	1,6,2;2,7,0;4,6,0,-2,-1
two.pnum	1,17,2;2,30,0;4,30,28,0,-1;4,28,25,-1,-1;4,25,0,-1,-1;4,17,10,0,-1
seven.pnum	1,7,2;2,0,0;4,7,5,0,-1;4,5,9,-1,-1
zero.tnum	1,6,1;2,0,0;4,0,12,0,-1;4,6,18,0,-1
one.tnum	1,7,1;2,12,0;4,12,1,0,-1;4,7,2,-2,-1;4,1,9,-1,-1
two.tnum	1,17,1;2,30,0;4,30,28,0,-1;4,28,25,-1,-1;4,25,0,-1,-1;4,17,10,0,-1
three.tnum	1,31,1;6,52,5,0;6,15,16,0;4,31,24,0,-1;14,42,15,16,-1
four.tnum	1,18,1;6,14,0,0;4,18,4,-2,-1;4,0,9,-1,-1;4,14,11,-1,-1;4,9,16,-1,-1;4,0,19,-1,-1
five.tnum	1,18,1;6,35,5,0;6,13,25,0;4,18,20,0,-1;14,22,13,25,-1
seven.tnum	1,7,1;4,7,5,0,-1;4,5,9,-1,-1
nine.tnum	1,36,1;6,44,20,0;6,28,0,0;4,36,8,0,-1
one.onum	1,5,1;2,7,0;4,5,0,-2,-1
two.onum	1,17,1;2,30,0;4,30,28,0,-1;4,28,25,-1,-1;4,25,0,-1,-1;4,17,10,0,-1
seven.onum	1,7,1;4,7,5,0,-1;4,5,9,-1,-1
period	2,9,0;4,9,3,-2,-1
comma	2,5,0;4,5,11,-2,-1
copyright	6,67,60,0;6,52,45,0;4,45,35,-2,-1;4,35,5,0,-1;4,67,25,-2,-1;4,25,15,0,-1
registered	8,54,0;8,41,0;4,54,20,-2,-1;4,20,0,0,-1;4,41,30,-2,-1;4,30,10,0,-1;14,52,54,41,0;4,52,56,0,-1;14,49,56,52,-1;4,54,51,-1,-1;4,41,62,0,-1
trademark	8,26,0;8,23,0;4,23,0,-1,-1;4,26,18,-1,-1;14,14,18,0,0;4,14,3,0,-1;4,0,6,-1,-1;4,18,9,-1,-1;4,6,12,0,-1;4,0,16,0,-1;4,23,25,0,-1;4,25,20,-1,-1
servicemark	8,60,0;8,42,0;4,60,0,-1,0;4,0,7,0,-1;4,42,22,-1,0;14,10,0,22,-1;4,22,29,0,-1;14,32,22,0,-1;14,56,60,42,0;4,56,45,0,-1;4,42,48,-1,-1;4,60,51,-1,-1;4,48,54,0,-1;4,42,58,0,-1
at	6,66,60,0;6,15,40,0;6,22,74,0;6,80,32,0;6,50,5,0;14,35,80,32,-1
zero.dnom	8,6,0;2,0,0;4,0,12,0,-1;4,6,18,0,-1
one.dnom	8,5,0;2,7,0;4,5,0,0,-1
two.dnom	8,15,0;2,25,0;4,25,23,0,-1;4,23,0,-1,-1;4,15,8,0,-1
three.dnom	8,23,0;2,35,0;6,9,10,-2;4,35,3,0,-1;4,23,16,0,-1;14,29,9,10,-1
four.dnom	8,14,0;2,9,0;6,10,0,0;4,14,2,0,-1;4,0,5,-1,-1;4,10,7,-1,-1;4,5,12,-1,-1;4,0,15,-1,-1
five.dnom	8,14,0;2,29,0;6,9,21,-2;4,29,3,0,-1;4,14,16,0,-1
six.dnom	8,38,0;2,30,0;6,22,6,0;4,30,0,0,-1;4,38,15,0,-1
seven.dnom	8,7,0;2,0,0;4,7,5,0,-1;4,5,9,-1,-1
eight.dnom	8,36,0;2,53,0;4,53,5,0,-1;14,13,53,36,0;4,13,15,-1,-1;4,36,20,0,-1;4,13,29,-2,-1;4,15,44,-2,-1
nine.dnom	8,30,0;2,38,0;6,0,22,0;4,30,6,0,-1;4,38,15,0,-1
a.sups	8,0,0;8,18,0;6,32,6,0;4,18,11,0,-1;4,0,23,-1,-1;4,0,28,0,-1;14,25,0,28,-1
b.sups	8,6,0;8,14,0;8,1,0;4,6,30,0,-1;14,3,30,6,-1;4,14,24,0,-1;14,18,14,24,-1;4,14,19,-1,-1
c.sups	8,8,0;8,0,0;4,8,15,0,-1;4,0,21,0,-1
d.sups	8,0,0;8,8,0;8,13,0;4,8,28,0,-1;14,11,28,8,-1;4,0,16,-1,-1;4,0,21,0,-1;14,18,0,21,-1
e.sups	8,10,0;8,0,0;6,29,18,0;4,0,22,0,-1;4,10,34,0,-1
f.sups	8,20,0;8,11,0;8,7,0;4,20,3,0,-1;4,7,10,0,-1;4,10,13,-1,-1;4,7,16,-1,-1
g.sups	8,33,0;8,65,0;6,9,57,0;6,47,68,0;4,65,3,0,-1;14,18,9,57,-1;4,33,74,0,-1
h.sups	8,6,0;8,19,0;8,11,0;8,1,0;4,6,15,0,-1
i.sups	8,14,0;8,13,0;6,0,6,0
j.sups	8,0,0;8,12,0;6,16,22,0;4,0,7,0,-1
k.sups	8,11,0;8,8,0;8,4,0;8,1,0;14,2,11,1,-1;14,9,11,1,-1
l.sups	8,11,0;8,1,0;4,11,4,0,-1
m.sups	8,36,0;8,27,0;8,18,0;8,6,0;4,6,1,-1,-1;4,6,12,-1,-1;4,6,32,0,-1;4,32,23,-1,-1
n.sups	8,6,0;8,19,0;8,11,0;4,6,1,-1,-1;4,6,15,0,-1
o.sups	8,10,0;8,0,0;4,0,20,0,-1;4,10,26,0,-1
p.sups	8,6,0;8,14,0;8,19,0;4,6,1,-1,-1;4,14,24,0,-1;4,6,30,0,-1
q.sups	8,12,0;8,4,0;8,19,0;4,12,16,-1,-1;4,4,20,0,-1;4,12,26,0,-1
r.sups	8,6,0;8,17,0;4,6,1,-1,-1;4,6,13,0,-1
s.sups	8,19,0;8,42,0;4,42,3,0,-1;14,6,42,19,-1;4,19,26,0,-1;14,29,19,42,-1
t.sups	8,19,0;8,6,0;4,6,9,0,-1;4,9,0,-1,-1;4,6,3,-1,-1;4,19,13,0,-1
u.sups	8,0,0;8,15,0;8,5,0;4,0,11,0,-1;4,0,18,-1,-1
v.sups	8,1,0;8,6,0;8,9,0;4,9,3,0,-1
w.sups	8,21,0;8,15,0;8,6,0;8,1,0;8,12,0;4,21,3,0,-1;4,15,9,0,-1;4,6,18,0,-1
x.sups	8,16,0;8,11,0;8,2,0;8,7,0;14,4,2,16,-1;14,13,11,7,-1
y.sups	8,17,0;8,8,0;8,24,0;4,24,2,0,-1;14,6,24,8,-1;14,13,24,17,-1
z.sups	8,3,0;8,8,0;4,8,6,0,-1;4,6,0,-1,-1;4,3,1,0,-1;4,1,5,-1,-1
egrave.sups	8,14,0;8,4,0;6,33,22,0;6,1,3,-2;4,4,26,0,-1;4,14,38,0,-1
eacute.sups	8,14,0;8,4,0;6,2,0,-2;6,33,22,0;4,4,26,0,-1;4,14,38,0,-1
schwa.sups	8,19,0;8,0,0;6,31,8,0;4,19,12,0,-1;4,0,27,0,-1
a.supa	8,20,0;8,33,0;4,33,3,0,-1;4,20,10,0,-1;4,20,25,-1,-1;4,33,28,-1,-1
g.supa	8,18,0;8,28,0;6,32,10,0;4,28,2,0,-1;4,18,23,-1,-1;4,18,39,0,-1
l.supa	8,1,0;8,2,0
dollar	1,49,2;2,25,0;4,49,5,0,-1;14,10,25,49,-1;4,25,22,-1,-1;4,25,34,0,-1;14,37,49,25,-1;4,49,52,-1,-1
sterling	1,19,2;2,2,0;4,2,0,0,-1;14,36,19,2,0;4,36,10,-1,-1;4,36,35,0,-1;4,35,11,-1,0;4,19,26,0,-1
yen	1,29,2;2,20,0;14,4,29,20,-1;4,29,9,-1,-1;14,25,29,20,0;4,25,12,0,-1;4,25,13,-1,-1;4,25,24,-1,0;4,24,16,-1,-1;4,24,21,0,-1;4,21,17,-1,-1;4,25,27,0,-1
Euro	1,23,2;2,3,0;14,35,23,3,0;4,35,43,-1,-1;4,43,44,0,-1;4,44,7,-1,-1;4,43,8,-1,-1;4,35,16,-1,-1;4,35,34,0,-1;4,34,17,-1,-1;4,23,30,0,-1;4,3,48,0,-1
cent	6,14,38,0;6,37,30,0;4,37,0,-1,-1;4,38,10,-1,-1;4,14,17,-1,-1;4,30,27,-1,-1
florin	1,38,3;6,16,22,0;6,11,10,0;4,38,3,0,-1;4,11,28,-1,-1;4,10,30,-1,-1
lira	1,25,2;2,2,0;4,2,0,0,-1;14,42,25,2,0;4,42,47,0,-1;4,47,48,0,-1;4,48,10,-1,-1;4,47,11,-1,-1;4,42,16,-1,-1;4,42,41,0,-1;4,41,17,-1,-1;4,25,32,0,-1
dong	2,3,0;6,28,15,0;6,7,36,0;6,41,44,0;4,3,0,0,-1;4,41,21,-1,-1;4,28,23,-1,-1;4,44,47,-1,-1
guarani	1,17,2;2,7,0;14,0,17,7,0;4,7,4,-1,-1;4,17,20,-1,-1;4,17,27,0,-1;4,7,37,0,-1;4,0,42,0,-1
cedi	1,27,2;2,17,0;4,27,0,0,-1;4,17,10,0,-1;4,17,14,-1,-1;4,27,30,-1,-1;4,0,37,-1,-1;4,10,38,-1,-1
rupeeindian	1,28,2;2,12,0;6,13,16,0;6,23,19,-2;4,28,26,0,-1;4,26,1,-1,-1;4,23,4,-1,-1;4,19,7,-1,-1;14,10,16,13,-1
liraturkish	1,26,2;2,17,0;4,17,0,0,-1;14,18,17,26,0;4,18,21,-2,-1;4,21,22,-2,-1;4,22,25,-2,-1;4,25,28,-1,-1;4,22,31,-1,-1;4,21,32,-1,-1;4,18,35,-1,-1
pi	1,4,0;2,16,0;2,22,0;4,4,20,0,-1;4,20,0,-1,-1;4,20,6,-1,-1;4,16,10,0,-1
gravecmb	6,3,1,-1
gravecmb.cap	6,3,1,-2
acutecmb	6,0,2,-1
acutecmb.cap	6,0,2,-2
circumflexcmb	6,0,5,-2;4,5,6,-2,-1;4,6,3,-1,-1
circumflexcmb.cap	6,1,6,-2;4,6,7,-2,-1;4,7,3,-1,-1
tildecmb	6,19,10,-2;6,24,5,-2;4,5,13,-1,-1;4,19,27,-1,-1
tildecmb.cap	6,19,0,-2;6,14,5,-2;4,0,8,-1,-1;4,14,22,-1,-1
macroncmb	6,3,1,-2
macroncmb.cap	6,2,1,-2
brevecmb	6,0,11,-2;4,11,6,-2,-1;4,6,16,-1,-1
brevecmb.cap	6,0,11,-2;4,11,6,-2,-1;4,6,16,-1,-1
dotaccentcmb	6,0,6,-2
dotaccentcmb.cap	6,0,6,-2
dieresiscmb	6,0,6,-2;4,0,12,-1,-1;4,6,18,-1,-1
dieresiscmb.cap	6,0,6,-2;4,0,12,-1,-1;4,6,18,-1,-1
hookabovecmb	6,6,7,-2;6,17,0,-2
hookabovecmb.cap	6,6,7,-2;6,17,0,-2
ringcmb	6,0,12,-2;6,18,6,-2
ringcmb.cap	6,0,12,-2;6,18,6,-2
hungarumlautcmb	6,2,0,-1;4,0,4,-1,-1;4,2,7,-1,-1
hungarumlautcmb.cap	6,3,1,-2;4,1,4,-1,-1;4,3,6,-1,-1
caroncmb	6,7,2,-2;4,2,1,-2,-1;4,1,4,-1,-1
caroncmb.cap	6,2,5,-2;4,5,4,-2,-1;4,4,7,-1,-1
dblgravecmb	6,5,7,-1;4,5,1,-1,-1;4,7,2,-1,-1
dblgravecmb.cap	6,0,2,-2;4,0,4,-1,-1;4,2,6,-1,-1
commaturnedabovecmb	6,11,5,-2
commaabovecmb	6,5,11,-2
horncmb	6,11,0,-2
dotbelowcmb	6,0,6,-2
dieresisbelowcmb	6,0,6,-2;4,0,12,-1,-1;4,6,18,-1,-1
commabelowcmb	6,15,0,-2;6,8,9,-2
cedillacmb	6,17,2,-1;6,10,11,-2
cedillacmb.cap	6,2,17,-1;6,11,10,-2
ogonekcmb	6,10,17,-2
ogonekcmb.cap	6,6,13,-2
brevebelowcmb	6,11,0,-2;4,11,6,-2,-1;4,6,16,-1,-1
macronbelowcmb	6,0,3,-2
dieresismacron	6,0,6,-2;6,26,25,-2;4,0,12,-1,-1;4,6,18,-1,-1
dieresismacron.cap	6,4,10,-2;6,2,1,-2;4,4,16,-1,-1;4,10,22,-1,-1
dieresisacute	6,4,10,-2;6,2,0,-2;4,4,16,-1,-1;4,10,22,-1,-1
dieresisacute.cap	6,4,10,-2;6,2,0,-2;4,4,16,-1,-1;4,10,22,-1,-1
dieresiscaron	6,8,14,-2;6,6,4,-2;4,4,0,-1,-1;4,8,20,-1,-1;4,14,26,-1,-1
dieresiscaron.cap	6,0,6,-2;6,25,31,-2;4,0,12,-1,-1;4,6,18,-1,-1;4,31,27,-1,-1
dieresisgrave	6,4,10,-2;6,1,3,-2;4,4,16,-1,-1;4,10,22,-1,-1
dieresisgrave.cap	6,4,10,-2;6,1,3,-2;4,4,16,-1,-1;4,10,22,-1,-1
circumflexacute	6,10,8,-2;6,6,0,-2;4,6,3,-1,-1
circumflexacute.cap	6,2,0,-2;6,10,4,-2;4,10,7,-1,-1
circumflexgrave	6,9,11,-2;6,6,0,-2;4,6,3,-1,-1
circumflexgrave.cap	6,1,3,-2;6,10,4,-2;4,10,7,-1,-1
circumflexhook	6,3,1,-2;6,14,15,-2;6,25,8,-2;4,3,6,-1,-1
circumflexhook.cap	6,21,19,-2;6,6,7,-2;6,17,0,-2;4,21,24,-1,-1
circumflextilde	6,6,0,-2;6,27,18,-2;6,32,13,-2;4,6,3,-1,-1;4,13,21,-1,-1;4,27,35,-1,-1
circumflextilde.cap	6,32,13,-2;6,27,18,-2;6,6,0,-2;4,6,3,-1,-1;4,13,21,-1,-1;4,27,35,-1,-1
breveacute	6,2,0,-2;6,4,15,-2;4,15,10,-2,-1;4,10,20,-1,-1
breveacute.cap	6,2,0,-2;6,4,13,-2;4,13,10,-2,-1;4,10,16,-1,-1
brevegrave	6,1,3,-2;6,4,15,-2;4,15,10,-2,-1;4,10,20,-1,-1
brevegrave.cap	6,1,3,-2;6,4,13,-2;4,13,10,-2,-1;4,10,16,-1,-1
brevehook	6,0,11,-2;6,28,29,-2;6,39,22,-2;4,11,6,-2,-1;4,6,16,-1,-1
brevehook.cap	6,18,27,-2;6,6,7,-2;6,17,0,-2;4,27,24,-2,-1;4,24,30,-1,-1
brevetilde	6,37,28,-2;6,42,23,-2;6,0,9,-2;4,9,6,-2,-1;4,6,12,-1,-1;4,23,31,-1,-1;4,37,45,-1,-1
brevetilde.cap	6,37,28,-2;6,42,23,-2;6,0,9,-2;4,9,6,-2,-1;4,6,12,-1,-1;4,23,31,-1,-1;4,37,45,-1,-1
commabelowcmb.alt	6,0,15,-2;6,9,8,-2
