#Glyph name	TT hints
A	1,14,4;2,12,0;2,17,0;14,5,12,14,-1;14,11,12,14,0;4,11,9,0,-1
B	1,0,4;2,19,0;14,35,0,19,0;14,10,35,20,-1;4,0,27,1,-1;4,35,28,0,-1;4,19,37,1,-1
C	1,10,4;2,0,0;4,10,17,1,-1;4,0,25,1,-1
D	1,0,4;2,10,0;4,10,11,1,-1;4,0,17,1,-1
E	1,0,4;2,11,0;4,0,3,1,-1;14,7,0,11,0;4,7,5,0,-1;4,11,8,1,-1
F	1,0,4;2,9,0;4,0,3,1,-1;14,7,0,9,0;4,7,5,0,-1
G	1,10,4;2,0,0;4,10,17,1,-1;4,0,25,1,-1;14,30,10,0,0;4,30,32,0,-1
H	1,0,4;2,11,0;14,9,0,11,0;4,9,3,0,-1;4,0,4,-1,-1;4,11,7,-1,-1
I	1,0,4;2,3,0
J	1,11,4;2,0,0;4,0,7,1,-1
K	1,0,4;1,4,4;2,12,0;2,8,0;14,2,0,12,-1;14,6,4,8,-1;14,9,4,8,-1
L	1,0,4;2,5,0;4,5,2,1,-1
M	1,0,4;2,33,0;14,6,11,12,-1;14,6,12,19,-1;4,0,10,-1,-1;4,33,13,-1,-1;14,23,33,0,-1;14,26,0,33,-1
N	1,0,4;1,8,4;2,19,0;2,11,0;14,4,11,8,-1;14,14,0,19,-1
O	1,10,4;2,0,0;4,0,20,1,-1;4,10,28,1,-1
P	1,0,4;2,14,0;14,12,0,14,0;4,12,15,0,-1;4,0,21,1,-1
Q	1,32,4;2,22,0;6,19,45,1;4,22,5,1,-1;4,32,13,1,-1;4,22,42,-1,-1
R	1,14,4;2,12,0;2,9,0;14,1,14,12,0;4,14,8,1,-1;4,1,11,-2,-1;14,23,1,10,-1
S	1,26,4;2,0,0;4,0,7,1,-1;14,15,0,26,-1;4,26,33,1,-1;14,41,26,0,-1
T	1,2,4;2,7,0;4,2,0,1,-1;4,0,5,-1,-1
U	1,6,4;2,0,0;4,0,13,1,-1;4,6,19,-1,-1
V	1,0,4;1,10,4;2,13,0;14,5,0,13,-1
W	1,0,4;1,10,4;1,20,4;2,33,0;2,23,0;14,5,0,33,-1;14,15,20,23,-1;14,28,33,10,-1
X	1,1,4;1,11,4;2,25,0;2,15,0;14,6,1,25,-1;14,19,15,11,-1
Y	1,1,4;1,11,4;2,15,0;14,6,1,15,-1
Z	1,3,4;2,8,0;4,8,6,1,-1;4,6,0,-1,0;4,3,1,1,-1;4,1,5,-1,0
a	1,20,0;2,0,0;14,8,20,0,0;4,20,13,0,-1;4,0,25,-1,0;14,26,0,20,-1;4,0,30,0,-1;4,26,33,0,-1;4,8,34,-2,-1
b	1,13,0;1,7,5;2,0,0;14,4,0,13,-1;4,0,5,-1,0;14,10,13,0,-1;4,0,23,0,-1;4,13,29,0,-1;4,10,31,0,-1;4,4,32,0,-1
c	1,10,0;2,0,0;4,10,17,0,-1;4,0,23,0,-1
d	1,8,0;1,13,5;2,0,0;14,11,8,0,-1;4,0,16,-1,0;14,17,0,8,-1;4,0,21,0,-1;4,17,23,0,-1;4,11,24,0,-1;4,8,27,0,-1
e	1,10,0;2,0,0;14,19,10,0,0;4,0,22,0,-1;4,19,29,-2,-1;4,10,32,0,-1
f	1,5,0;1,20,5;2,9,0;4,20,2,0,-1;4,5,8,0,-1;4,8,11,-1,-1;4,5,14,-1,-1
g	1,24,0;2,0,1;14,38,24,0,0;4,38,47,-2,-1;4,47,74,0,-1;14,9,47,74,-1;4,38,56,0,-1;14,16,56,38,-1;4,24,28,-1,0;4,28,29,0,-1;4,24,62,0,-1;4,0,68,0,-1
h	1,6,0;1,0,5;2,20,0;14,3,6,20,-1;4,20,11,-1,-1;4,6,15,0,-1;4,3,18,0,-1
i	1,0,0;2,3,0;4,0,4,-1,0;4,4,10,-1,-1
j	1,11,0;2,0,1;4,0,7,0,-1;4,11,18,-1,0;4,18,24,-1,-1
k	1,4,0;1,0,5;2,12,0;2,8,0;14,2,0,12,-1;14,6,4,8,-1;14,9,0,8,-1
l	1,4,5;2,0,0;4,0,9,0,-1
m	1,0,0;2,33,0;14,2,0,33,-1;4,0,6,-1,0;14,9,0,33,-1;4,6,12,-1,0;4,33,25,-1,0;4,25,17,-1,0;4,12,21,0,-1;4,9,23,0,-1;4,6,29,0,-1;4,2,31,0,-1
n	1,0,0;2,20,0;14,2,0,20,-1;4,0,6,-1,0;4,20,11,-1,0;4,6,15,0,-1;4,2,18,0,-1
o	1,10,0;2,0,0;4,0,20,0,-1;4,10,26,0,-1
p	1,6,0;2,16,0;2,22,1;4,6,0,-1,0;14,2,6,16,-1;14,19,16,6,-1;4,16,23,0,-1;4,6,29,0,-1;4,2,31,0,-1;4,19,32,0,-1
q	1,12,0;2,4,0;14,1,4,12,-1;14,15,12,4,-1;4,12,18,-1,0;4,4,21,0,-1;4,1,23,0,-1;4,15,24,0,-1;4,12,27,0,-1
r	1,0,0;2,17,0;14,2,0,17,-1;4,0,6,-1,0;4,6,12,-2,-1;4,2,15,0,-1
s	1,23,0;2,0,0;4,0,7,0,-1;14,15,0,23,-1;4,23,30,0,-1;14,38,23,0,-1
t	8,11,2;1,9,0;2,0,0;4,9,6,0,-1;4,9,13,-1,-1;4,6,14,-1,-1;4,0,18,0,-1
u	1,4,0;2,0,0;4,0,9,0,-1;14,17,4,0,-1;4,17,12,0,-1;4,4,13,-1,-1;4,0,15,-1,0
v	1,0,0;1,10,0;2,13,0;14,5,0,13,-1
w	1,0,0;2,33,0;14,5,33,0,-1;4,0,10,-1,-1;4,33,23,-1,-1;4,10,20,-1,-1;14,15,23,20,-1;14,28,0,32,-1
x	1,1,0;2,25,0;4,1,11,-1,-1;4,25,15,-1,-1;14,6,11,15,-1;14,20,1,25,-1
y	1,12,0;2,0,1;4,0,7,0,-1;14,11,0,12,-1;14,17,12,0,-1;4,12,22,-1,-1
z	1,3,0;2,8,0;4,8,6,0,-1;4,6,0,-1,0;4,3,1,0,-1;4,1,5,-1,0
Aogonek	1,27,4;2,25,0;6,13,37,-2;14,5,25,27,-1;14,24,25,27,0;4,24,9,0,-1;4,25,22,-1,-1;4,22,29,-1,-1
AE	1,14,4;2,13,0;2,9,0;14,2,14,13,-1;14,10,14,13,0;4,10,6,0,-1;4,9,7,1,-1;4,14,16,1,-1;14,21,14,9,0;4,21,19,0,-1
Bstroke	1,36,4;2,30,0;4,30,0,0,-1;4,0,10,-1,0;4,10,9,0,-1;4,9,6,-1,0;4,6,14,0,-1;4,36,20,0,-1;14,22,14,6,-1;4,10,32,-1,-1;4,9,35,-1,-1
Eogonek	1,10,4;2,9,0;6,0,29,-1;4,10,12,1,-1;14,17,10,9,0;4,17,15,0,-1;4,9,19,1,-1;4,9,20,-1,-1
Ghook	1,13,4;2,3,0;6,28,21,0;4,13,38,1,-1;4,3,46,1,-1;14,51,13,3,0;4,51,53,0,-1
Hbar	1,17,4;2,10,0;14,2,17,10,0;4,2,1,-2,-1;4,1,5,-1,-1;4,10,6,-1,-1;4,2,9,0,-1;4,1,12,-1,-1;4,1,18,0,-1;4,18,15,-1,-1;4,17,21,-1,-1;4,18,22,-1,-1
Iogonek	1,10,4;2,9,0;6,0,17,-1;4,9,12,-1,-1
Lslash	1,8,4;2,2,0;14,3,2,8,0;4,3,6,-2,-1;4,6,9,-1,-1;4,3,12,-1,-1;4,2,13,1,-1
Oslash	1,40,4;2,27,0;14,29,40,27,-1;4,29,0,-2,-1;4,27,2,1,-1;14,42,40,27,-1;4,42,19,-2,-1;4,19,9,-2,-1;4,42,10,-2,-1;4,40,12,1,-1;4,29,32,-2,-1;4,32,18,-2,-1
OE	1,10,4;2,0,0;4,10,23,1,-1;4,23,12,-1,-1;14,17,10,0,0;4,17,15,0,-1;4,0,29,1,-1;4,29,19,-1,-1
Ohorn	1,40,4;2,30,0;4,30,0,1,-1;4,40,8,1,-1;14,22,40,8,-1;4,22,42,-1,-1
Oogonek	1,16,4;2,6,0;6,0,32,-2;4,6,26,-1,-1;4,6,39,1,-1;4,16,47,1,-1
Germandbls	1,31,4;2,0,0;4,0,7,1,-1;14,15,31,0,-1;4,31,20,1,-1;4,0,25,-1,0;14,35,15,16,-1
Tbar	1,14,4;2,6,0;6,8,11,0;4,11,2,-1,-1;4,8,3,-1,-1;4,14,16,1,-1
Uogonek	1,14,4;2,8,0;6,0,40,-1;4,8,21,1,-1;4,14,27,-1,-1;4,8,34,-1,-1
Uhorn	1,18,4;2,12,0;4,18,31,-1,-1;4,31,6,-2,-1;4,12,25,1,-1
Eth	1,27,4;2,22,0;4,22,0,1,-1;4,27,6,1,-1;14,10,27,22,0;4,10,9,0,-1;4,10,24,-1,-1;4,9,25,-1,-1
Thorn	1,0,4;2,16,0;6,14,24,1;6,23,2,1
Schwa	1,10,4;2,20,0;14,29,10,20,0;4,29,0,0,-1;4,20,3,1,-1;4,10,31,1,-1
Eng	1,30,4;2,0,0;4,0,7,1,-1;4,30,17,1,-1;14,27,0,30,-1;4,27,22,1,-1;4,30,25,-1,0
IJ	1,0,4;1,15,4;2,2,0;6,4,11,0
aogonek	1,33,0;2,13,0;6,0,43,-2;4,13,37,-1,0;4,37,8,-1,-1;14,9,33,13,-1;14,21,33,13,0;4,33,26,0,-1;4,13,49,0,-1;4,9,52,0,-1;4,21,53,-2,-1
ae	1,18,0;2,0,0;14,6,18,0,0;4,18,11,0,-1;4,0,42,-1,-1;14,21,18,42,-1;4,18,24,-1,-1;14,32,24,42,0;4,0,48,0,-1;4,48,35,-1,-1;14,45,0,24,-1;4,45,51,0,-1;4,6,55,-2,-1;4,32,61,-2,-1;4,11,64,-1,-1
bstroke	1,36,5;2,25,0;4,36,35,-2,-1;4,35,32,-2,-1;4,32,15,-2,-1;14,29,25,15,-1;4,29,0,0,-1;4,25,3,0,-1;4,15,9,0,-1;14,12,15,25,-1;4,12,11,0,-1;4,25,31,-1,0;4,35,39,-1,-1;4,32,40,-1,-1
dcroat	1,41,5;2,22,0;4,41,40,-2,-1;4,40,37,0,-1;4,37,32,-2,-1;14,35,32,22,-1;4,35,0,0,-1;4,32,3,0,-1;4,22,11,0,-1;14,18,22,32,-1;4,18,13,0,-1;4,37,15,-1,-1;4,22,16,-1,0;4,40,43,-1,-1
eogonek	1,19,0;2,9,0;6,0,43,-1;14,28,19,9,0;4,9,31,0,-1;4,28,49,-2,-1;4,19,52,0,-1
hbar	1,22,5;2,17,0;4,22,21,-1,0;4,21,18,-1,-1;4,18,26,-1,-1;4,26,3,-1,-1;14,0,3,17,-1;4,17,8,-1,-1;4,3,12,0,-1;4,0,15,0,-1;4,21,25,-1,-1
iogonek	1,10,0;2,9,0;6,0,18,-1;4,9,12,-1,-1;4,10,24,-2,-1;4,24,30,-2,-1
iogonek.d	1,10,0;2,9,0;6,0,18,-1;4,9,12,-1,-1
dotlessi	1,0,0;2,2,0
kgreenlandic	1,0,0;2,12,0;14,2,0,12,-1;4,0,4,-1,-1;4,12,8,-1,-1;14,6,0,8,-1;14,9,0,12,-1
lslash	1,17,5;2,9,0;6,13,16,-1;4,9,3,0,-1;4,16,19,-1,-1;4,13,22,-1,-1
oslash	1,38,0;2,24,0;14,0,24,38,-1;4,24,2,0,-1;14,8,38,24,-1;4,8,7,-1,-1;4,38,10,0,-1;4,0,15,-1,-1;14,16,7,38,-1;14,27,24,15,-1;14,30,15,24,-1;14,40,38,7,-1
oe	1,10,0;2,0,0;4,10,16,-1,-1;14,25,10,0,0;4,0,41,0,-1;4,41,28,-1,-1;4,0,35,-1,-1;4,10,47,0,-1;4,25,53,-2,-1;4,47,56,-1,-1
oogonek	1,18,0;2,8,0;6,0,34,-2;4,8,28,-1,-1;4,8,40,0,-1;4,18,46,0,-1
germandbls	1,35,5;2,0,0;4,0,6,0,-1;14,9,35,0,-1;14,16,35,0,-1;4,35,24,0,-1;4,0,29,-1,0;14,45,0,35,-1;14,52,0,35,-1
tbar	8,18,2;1,16,0;2,3,0;6,9,12,-2;4,16,13,0,-1;4,16,20,-1,-1;4,13,21,-1,-1;4,12,24,-1,-1;4,9,25,-1,-1;4,3,29,0,-1
uogonek	1,17,0;2,13,0;6,0,34,-1;4,13,8,-1,-1;14,9,17,13,-1;4,13,22,0,-1;4,9,25,0,-1;4,17,26,-1,-1;4,8,28,-1,0
uhorn	1,19,0;1,29,0;2,15,0;2,10,0;4,29,8,-2,-1;4,15,24,0,-1
eth	1,48,5;2,25,0;4,25,0,0,-1;4,48,44,-1,-1;4,44,41,-2,-1;4,41,42,-1,-1;4,42,35,-1,-1;4,35,9,0,-1;4,41,17,-1,-1;4,44,51,-1,-1
thorn	1,0,5;1,6,0;2,22,1;2,16,0;14,3,6,16,-1;14,19,16,6,-1;4,16,23,0,-1;4,6,29,0,-1;4,3,31,0,-1;4,19,32,0,-1
eng	1,26,0;2,19,0;6,0,7,0;4,26,14,0,-1;14,22,26,19,-1;4,22,17,0,-1;4,26,20,-1,0
dotlessj	1,11,0;2,0,1;4,0,7,0,-1
ij	1,0,0;2,3,0;2,16,1;4,0,4,-1,-1;4,4,10,-1,-1;4,16,23,0,-1;4,0,27,-1,-1;4,4,34,-1,-1;4,34,40,-1,-1
aturned	1,10,0;2,0,0;4,10,4,-1,0;14,7,0,10,-1;14,16,10,0,-1;4,0,21,0,-1;4,16,28,0,-1;4,10,36,0,-1;4,7,38,0,-1
alphalatinturned	1,13,0;2,0,0;14,3,0,13,-1;4,0,6,-1,0;4,13,7,-1,0;14,9,13,0,-1;4,0,23,0,-1;4,13,29,0,-1;4,9,31,0,-1;4,3,32,0,-1
bhook	8,3,0;1,25,0;1,12,5;2,0,0;14,4,0,25,-1;4,0,6,-1,0;4,12,18,0,-1;14,22,25,0,-1;4,0,35,0,-1;4,25,41,0,-1;4,22,43,0,-1;4,3,44,0,-1
oopen	1,22,0;2,0,0;4,0,7,0,-1;4,22,15,0,-1
ccurl	1,46,0;2,29,0;4,29,0,0,-1;4,0,6,-2,-1;4,6,21,0,-1;14,9,21,29,-1;4,46,13,0,-1;14,19,21,29,-1;14,31,29,21,-1;14,38,29,21,-1
dtail	1,17,0;1,22,5;2,9,0;6,0,27,0;14,6,9,17,-1;14,20,17,9,-1;4,9,34,0,-1;4,6,36,0,-1;4,20,37,0,-1;4,17,40,0,-1
dhook	1,17,5;1,8,0;2,0,0;14,11,8,0,-1;4,17,23,0,-1;4,0,27,-1,0;14,29,0,8,-1;4,0,33,0,-1;4,29,35,0,-1;4,11,36,0,-1;4,8,39,0,-1
ereversed	1,18,0;2,0,0;4,0,6,0,-1;14,9,18,0,0;4,18,31,0,-1;4,9,34,-2,-1
alphalatin	1,8,0;2,0,0;14,11,8,0,-1;4,8,14,-1,0;4,0,15,-1,0;14,17,0,8,-1;4,0,21,0,-1;4,17,23,0,-1;4,11,24,0,-1;4,8,27,0,-1
schwa	1,19,0;2,0,0;14,9,19,0,0;4,19,12,0,-1;4,0,29,0,-1;4,9,33,-2,-1
schwahookrhotic	1,45,0;2,29,0;6,11,35,-2;6,15,53,-2;4,29,3,0,-1;4,11,21,-2,-1;4,45,38,0,-1;4,35,48,-2,-1
eopen	1,17,0;2,0,0;6,32,31,0;14,9,32,31,-1;4,17,24,0,-1;4,0,38,0,-1
eopenreversed	1,27,0;2,0,0;6,12,15,0;4,0,7,0,-1;4,27,21,0,-1;14,36,12,15,-1
eopenreversedclosed	1,17,0;2,0,0;6,41,40,0;14,9,41,40,-1;4,0,27,0,-1;4,17,33,0,-1
dotlessjstroke	1,22,0;2,7,1;6,0,25,0;4,7,14,0,-1;4,0,18,-1,-1;4,25,20,-1,0
ghook	1,24,0;2,0,1;6,33,39,0;6,14,46,0;4,0,7,0,-1;14,11,14,24,-1;14,27,24,14,-1;4,11,49,0,-1;4,27,50,0,-1;4,24,53,0,-1
gscript	1,24,0;2,0,1;6,14,34,0;4,0,7,0,-1;14,11,24,14,-1;14,27,24,14,-1;4,24,30,-1,0;4,11,37,0,-1;4,27,38,0,-1;4,24,41,0,-1
Gsmall	1,10,0;2,0,0;4,10,17,0,-1;4,0,25,0,-1;14,30,10,0,1;4,30,32,0,-1
gammalatin	1,25,0;2,18,1;14,0,18,25,-1;4,18,6,0,-1;14,12,0,31,-1;14,30,25,18,-1;14,24,30,0,-1;4,25,35,-1,-1
ramshorn	1,14,0;2,0,0;14,17,14,0,-1;14,40,14,0,-1;14,6,17,40,-1;4,14,8,0,-1;4,14,20,-1,-1;4,8,26,-1,-1;14,28,40,17,-1;4,0,34,0,-1
hturned	1,8,0;2,4,0;2,20,1;14,1,8,20,-1;4,4,13,0,-1;4,1,16,0,-1;4,8,17,-1,-1
hhook	1,5,5;1,18,0;2,32,0;4,5,11,0,-1;14,15,5,32,-1;4,32,23,-1,-1;4,18,27,0,-1;4,15,30,0,-1
henghook	1,25,5;1,38,0;2,19,0;6,0,7,0;4,38,14,0,-1;14,35,25,19,-1;4,35,17,0,-1;4,25,31,0,-1
Hsmall	1,0,0;2,11,0;6,8,3,1;4,0,4,-1,-1;4,11,7,-1,-1
istroke	1,20,0;2,15,0;6,19,16,0;4,20,0,-2,-1;4,0,6,-2,-1;4,16,12,-1,-1;4,19,23,-1,-1
Ismall	1,4,0;2,11,0;4,11,1,0,-1;4,4,2,0,-1;4,2,6,-1,-1;4,1,9,-1,-1
jcrossedtail	1,39,0;2,28,1;4,39,0,-2,-1;4,0,6,-2,-1;4,28,12,0,-1;4,12,17,-2,-1;4,17,36,-2,-1;14,15,36,28,-1;14,25,28,36,-1;14,38,36,28,-1;14,43,28,36,-1
lbelt	1,37,5;2,23,0;6,13,39,-2;4,39,0,-1,-1;4,0,6,-1,-1;4,23,17,0,-1;4,13,27,-1,-1;4,6,34,-2,-1
lretroflex	1,6,5;6,0,11,0
lezh	1,34,0;1,32,5;2,10,1;2,31,0;14,0,10,34,-1;4,10,17,0,-1;4,0,23,0,-1;4,34,28,0,-1
Lsmall	1,0,0;2,4,0;4,4,2,0,-1
mturned	1,4,0;2,0,0;4,0,9,0,-1;14,31,4,0,-1;4,31,11,0,-1;4,4,12,-1,-1;4,9,17,-1,-1;4,0,28,-1,-1;14,24,12,28,-1;4,24,19,0,-1;4,12,20,-1,-1;4,28,22,-1,0
mlonglegturned	1,14,0;2,10,0;2,33,1;4,14,22,-1,-1;4,10,4,-1,-1;14,1,22,4,-1;14,7,14,10,-1;4,10,19,0,-1;4,7,21,0,-1;4,19,27,-1,-1;4,1,29,0,-1;4,22,30,-1,-1
mhook	1,32,0;2,25,0;6,0,6,0;4,32,21,0,-1;4,21,13,-1,-1;4,32,38,-1,-1;4,25,17,-1,-1;14,35,38,17,-1;4,35,15,0,-1;14,28,32,25,-1;4,28,23,0,-1;4,32,26,-1,0
nhookleft	1,16,0;2,21,0;6,0,6,0;4,16,10,-1,0;14,12,16,21,-1;4,16,25,0,-1;4,12,28,0,-1
nretroflex	1,21,0;2,14,0;6,0,28,0;4,21,9,0,-1;14,17,21,14,-1;4,17,12,0,-1;4,21,15,-1,0
Nsmall	1,0,0;2,23,0;4,0,10,-1,-1;4,23,13,-1,-1;14,6,10,13,-1;14,18,0,23,-1
obar	1,14,0;2,24,0;14,0,14,24,0;4,24,3,0,-1;4,0,7,0,-1;4,14,10,0,-1
OEsmall	1,10,0;2,0,0;4,10,34,0,-1;4,34,15,-1,0;14,20,10,0,0;4,20,18,0,-1;4,0,27,0,-1;4,27,22,-1,0
philatin	1,37,0;1,38,5;2,27,0;2,26,1;4,27,13,0,-1;4,13,0,-1,-1;4,37,7,0,-1;4,7,6,-1,-1;4,37,14,-1,-1;4,27,24,-1,-1
rturned	1,10,0;2,0,0;4,0,6,1,-1;14,14,10,0,-1;4,14,9,1,-1;4,0,12,-1,0
rlonglegturned	1,10,5;2,0,0;4,0,6,1,-1;14,14,0,10,-1;4,14,9,1,-1;4,0,12,-1,0
rhookturned	1,20,0;2,10,0;6,0,25,0;14,6,10,20,-1;4,10,16,1,-1;4,6,19,1,-1
rtail	1,12,0;6,0,25,0;4,12,6,-1,0;14,8,12,0,-1;4,12,18,1,-1;4,8,21,1,-1
rfishhook	1,5,0;2,18,0;4,5,11,0,-1
Rsmall	1,14,0;2,13,0;6,10,0,0;4,14,4,0,-1;4,13,9,-1,-1;14,23,10,0,-1
Rsmallinverted	1,20,0;2,10,0;6,0,23,0;4,10,7,0,-1;14,19,0,23,-1;4,20,24,-1,-1
shook	1,60,0;2,21,0;6,34,27,0;4,60,3,0,-1;14,11,60,21,-1;4,21,44,0,-1;14,52,21,60,-1
esh	1,16,5;2,0,1;4,0,7,0,-1;4,16,23,0,-1
dotlessjstrokehook	1,36,5;2,16,1;6,9,8,-2;4,36,3,0,-1;4,16,23,0,-1;4,9,27,-1,-1;4,8,29,-1,0
tretroflex	1,9,0;6,0,18,0;4,9,6,0,-1;4,9,13,-1,-1;4,6,14,-1,-1
ubar	1,25,0;2,17,0;6,24,21,-2;4,21,0,-1,-1;4,17,5,0,-1;14,13,25,17,-1;4,13,8,0,-1;4,0,9,-1,-1;4,17,11,-1,0;4,24,28,-1,-1;4,25,29,-1,-1;4,28,32,-1,-1
upsilonlatin	1,13,0;2,0,0;4,13,12,0,-1;4,12,15,-1,0;4,0,23,0,-1;4,12,34,-1,-1;4,34,31,-1,0;4,13,33,-1,-1
vhook	1,23,0;2,0,0;4,23,4,-1,0;4,0,9,0,-1;4,23,16,0,-1
vturned	1,0,0;2,13,0;4,13,3,-1,-1;14,8,0,3,-1
wturned	1,0,0;2,33,0;4,33,23,-1,-1;14,5,0,23,-1;4,0,10,-1,-1;4,23,13,-1,-1;14,18,0,13,-1;14,28,0,33,-1
yturned	1,5,5;2,28,0;4,5,12,0,-1;14,16,28,5,-1;4,28,18,-1,-1;14,23,5,28,-1
Ysmall	1,1,0;2,15,0;14,6,1,15,-1;4,1,11,-1,-1
zretroflex	1,11,0;2,6,0;6,0,19,0;4,6,14,0,-1;4,14,8,-1,-1;4,11,9,0,-1;4,9,13,-1,-1
zcurl	1,36,0;2,32,0;4,32,9,0,-1;4,9,8,-1,0;4,8,5,-2,-1;4,5,15,-2,-1;4,32,24,-1,-1;4,9,33,-1,0;4,36,34,0,-1
ezh	1,20,0;2,0,1;4,0,7,0,-1;14,13,20,0,-1;4,20,18,0,-1;4,13,23,0,-1
glottalstop	1,15,5;2,27,0;4,15,8,0,-1
glottalstopreversed	1,10,5;2,27,0;4,10,17,0,-1
glottalstopstroke	1,17,5;2,32,0;6,0,4,0;4,17,10,0,-1;4,4,28,-1,-1;4,0,29,-1,-1
glottalstopstrokereversed	1,11,5;2,30,0;6,1,2,0;4,11,18,0,-1;4,2,25,-1,-1;4,1,27,-1,-1
clickalveolar	6,12,16,0;6,7,11,0;4,11,2,-1,-1;4,7,3,-1,-1;4,16,20,-1,-1;4,12,21,-1,-1
clickbilabial	1,10,5;2,0,0;6,40,46,1;4,0,20,0,-1;4,10,30,0,-1
f_f	1,18,0;1,24,5;2,14,0;4,24,31,0,-1;4,31,2,-1,0;4,18,36,-1,-1;4,36,6,-1,-1;4,18,15,0,-1;4,15,11,-1,-1;4,11,7,-1,-1;4,14,10,-1,-1;4,24,42,-1,0
f_t	8,34,2;1,16,0;1,22,5;2,12,0;4,12,3,-1,0;4,16,13,0,-1;4,13,9,-1,-1;4,22,28,0,-1;4,16,32,-1,-1;4,32,36,-1,-1;4,9,37,-1,-1;4,3,41,0,-1
f_f_t	1,44,5;1,26,5;1,47,5;1,19,0;1,37,0;1,53,0;1,57,0;2,3,0;4,57,9,0,-1;4,9,10,-1,-1;4,10,13,-1,-1;4,13,14,-1,-1;4,14,17,-1,-1;4,17,18,-1,-1;4,26,33,0,-1;4,44,50,0,-1;4,18,59,-1,-1;4,59,60,-1,-1;4,3,63,0,-1
I.alt	1,4,4;2,11,0;4,11,9,0,-1;4,9,0,-1,-1;4,4,6,0,-1;4,6,3,-1,-1
Iogonek.alt	1,14,4;2,9,0;6,0,27,-1;4,9,10,0,-1;4,14,13,0,-1;4,13,16,-1,-1;4,10,19,-1,-1;4,9,20,-1,-1
Eng.alt	1,20,4;2,19,0;6,0,7,0;4,19,11,-1,-1;14,13,20,19,-1;4,20,28,-1,-1;14,23,28,10,-1
aogonek.alt	1,21,0;2,13,0;6,0,34,-1;4,13,8,-1,-1;14,9,13,21,-1;14,24,21,13,-1;4,21,27,-1,0;4,8,28,-1,0;4,13,40,0,-1;4,9,42,0,-1;4,24,43,0,-1;4,21,46,0,-1
l.alt	1,0,5;2,2,0
lslash.alt	1,7,5;2,2,0;6,3,6,0;4,3,0,-1,-1;4,6,9,-1,-1
Gamma	1,0,4;2,4,0;4,0,2,1,-1
Delta	1,1,4;2,4,0;4,4,6,1,-1;14,9,1,4,-1
Theta	1,14,4;2,4,0;6,2,1,0;4,4,24,1,-1;4,14,32,1,-1
Lambda	1,0,4;2,13,0;4,13,3,-1,-1;14,8,0,3,-1
Xi	1,8,4;2,2,0;6,6,5,0;4,2,0,1,-1;4,8,10,1,-1
Pi	1,0,4;2,2,0;2,6,0;4,0,4,1,-1
Sigma	1,3,4;2,10,0;4,3,5,1,-1;4,10,8,1,-1
Phi	8,26,1;8,38,0;6,37,7,1;6,27,13,1;4,13,0,-1,-1;4,7,6,-1,-1;4,37,14,-1,-1;4,27,24,-1,-1
Psi	1,15,4;2,7,0;14,20,15,7,-1;4,20,9,1,-1;4,9,6,-1,-1;4,15,21,-1,-1;4,20,23,-1,-1;4,21,27,-1,-1
Omega	1,12,4;2,45,0;4,45,0,1,-1;4,45,26,-1,-1;4,26,24,1,-1;4,24,27,-1,0;4,12,35,1,-1;4,0,43,-1,0
alpha	1,8,0;2,0,0;14,12,8,0,-1;4,8,14,-1,0;4,0,28,-1,0;4,28,22,0,-1;14,31,0,8,-1;4,0,34,0,-1;4,31,39,1,-1;4,12,40,0,-1;4,8,43,0,-1
beta	8,29,1;1,5,5;2,22,0;14,36,5,22,-1;4,36,39,0,-1;14,14,36,39,-1;14,25,22,39,-1;4,22,30,0,-1;4,5,47,0,-1;4,25,52,0,-1
gamma	8,0,1;1,10,0;1,11,0;1,20,0;14,16,11,0,-1;14,26,0,20,-1
delta	1,54,5;2,34,0;4,34,0,0,-1;14,6,54,34,-1;4,54,16,0,-1;14,24,34,54,-1;4,6,44,-1,-1
epsilon	1,17,0;2,0,0;6,35,29,0;14,9,35,29,-1;4,17,23,0,-1;4,29,32,-1,0;4,35,33,-1,0;4,0,40,0,-1
zeta	8,43,1;1,24,5;2,8,0;4,24,18,0,-1;4,18,26,-1,0;4,8,37,0,-1
eta	8,0,1;1,23,0;2,13,0;4,23,8,0,-1;14,19,23,13,-1;4,19,11,0,-1;4,23,17,-1,0
theta	1,22,5;2,32,0;6,0,21,0;4,32,5,0,-1;4,22,16,0,-1
iota	1,4,0;2,0,0;4,0,13,0,-1
kappa	1,15,0;2,10,0;2,35,0;2,0,0;4,15,26,-1,0;14,3,0,26,-1;14,21,0,26,-1;14,30,26,35,-1
lambda	1,11,5;2,0,0;2,19,0;2,16,0;4,11,4,0,-1;14,18,19,11,-1
mu	8,40,1;1,0,0;2,31,0;4,31,5,0,-1;14,27,0,31,-1;4,27,8,0,-1;4,0,9,-1,-1;4,31,25,-1,0;4,25,18,0,-1
nu	1,3,0;1,13,0;1,4,0;2,0,0;14,9,13,0,-1
xi	8,67,1;1,31,5;2,8,0;6,49,42,0;14,19,49,42,-1;4,31,25,0,-1;4,25,30,-1,0;4,25,33,-1,0;4,42,45,-1,0;4,49,46,-1,0;4,8,59,0,-1
omicron	1,10,0;2,0,0;4,0,20,0,-1;4,10,26,0,-1
pi	1,19,0;2,13,0;4,13,0,-1,0;4,19,16,0,-1;4,16,9,-1,-1;4,13,12,-1,0;4,9,22,-1,-1;4,0,30,0,-1
rho	8,20,1;1,5,0;2,13,0;14,16,13,5,-1;4,13,21,0,-1;4,5,27,0,-1;4,16,31,0,-1
sigma	1,10,0;2,0,0;4,10,32,0,-1;4,32,15,-1,0;4,15,12,-1,0;4,0,24,0,-1
tau	1,9,0;2,0,0;4,9,6,0,-1;4,6,11,-1,-1;4,0,18,0,-1
upsilon	1,28,0;1,9,0;1,27,0;2,0,0;4,0,21,0,-1
phi	8,26,1;8,39,2;1,37,0;2,27,0;4,27,13,0,-1;4,13,0,-1,-1;4,37,7,0,-1;4,7,6,-1,-1;4,37,14,-1,-1;4,27,24,-1,-1
chi	8,0,1;8,9,1;1,2,0;1,3,0;1,6,0;14,4,3,0,-1;14,11,6,9,-1;14,1,4,11,-1;14,8,11,4,-1;4,9,10,-1,0;4,0,13,-1,0
psi	8,33,2;8,8,1;1,0,0;1,18,0;1,41,0;2,9,0;4,9,6,-1,-1;4,9,32,0,-1;4,32,35,-1,-1
omega	8,7,0;1,6,0;2,0,0;4,0,13,0,-1;4,13,26,-1,-1;4,6,35,-1,-1;4,0,41,-1,-1;14,45,6,0,-1
sigma.end	8,39,1;1,16,0;6,6,31,0;4,16,23,0,-1
beta.alt	1,50,5;2,39,0;4,39,5,0,-1;14,13,50,39,-1;4,13,17,0,-1;4,50,25,0,-1;14,29,50,39,-1
theta.alt	1,34,5;2,42,0;14,24,34,42,-1;4,24,5,0,-1;4,34,10,0,-1;4,42,19,0,-1
phi.alt	8,31,1;1,17,0;1,40,0;2,32,0;4,32,47,0,-1;4,47,0,-1,-1;4,17,6,0,-1;4,32,27,-1,-1
kai	8,13,1;1,43,0;2,28,0;4,43,32,-1,0;14,3,32,28,-1;4,28,17,-1,-1;4,17,8,-1,0;14,20,28,32,-1;14,37,32,28,-1
koppa	8,34,1;1,22,0;2,12,0;4,12,0,0,-1;4,22,6,0,-1;4,12,32,-1,-1
stigma	8,37,1;1,18,0;2,8,0;4,18,20,0,-1;4,20,23,-1,-1;4,8,29,0,-1
digamma	8,11,1;1,0,0;6,6,5,0;4,0,2,0,-1
iotaadscript	8,4,0;2,0,0;4,0,11,0,-1
Be	1,0,4;2,15,0;4,0,2,1,-1;14,24,0,15,-1;4,24,5,0,-1;4,15,17,1,-1
De	8,17,1;1,30,4;2,14,0;4,14,19,1,-1;4,19,8,-1,-1;4,30,9,1,-1;4,8,10,-1,-1;4,17,13,-1,-1
Zhe	1,21,4;2,9,0;6,6,28,0;4,9,5,-1,-1;4,5,1,-1,-1;4,6,2,-1,-1;14,10,28,6,-1;4,21,14,1,-1;4,21,29,-1,0;4,28,32,-1,-1;4,21,38,-1,-1;4,38,45,1,-1;14,49,32,2,-1
Ze	1,29,4;2,0,0;4,0,7,1,-1;14,13,29,0,0;4,13,16,0,-1;4,29,22,1,-1;14,36,13,16,-1
Icyr	1,0,4;2,19,0;14,5,0,19,-1;4,0,8,-1,-1;4,19,11,-1,-1;14,15,8,11,-1
Ka	1,15,4;2,5,0;6,3,8,0;4,5,1,-1,-1;4,15,6,-1,0;4,15,22,1,-1;14,28,8,3,-1
El	1,15,4;2,0,0;4,0,7,1,-1;4,0,18,-1,0;4,15,19,1,-1
Ucyr	1,12,4;2,0,0;4,0,7,1,-1;14,16,0,12,-1;4,16,11,1,-1;4,12,18,-1,-1
Ef	1,30,4;2,22,0;6,29,7,1;6,13,23,1;4,13,0,-1,-1;4,7,6,-1,-1;4,29,14,-1,-1;4,23,20,-1,-1
Tse	8,3,1;1,6,4;2,5,0;4,5,9,1,-1;4,9,0,-1,-1;4,6,10,-1,-1
Che	1,9,4;2,20,0;6,3,14,1;4,9,18,-1,-1
Sha	1,0,4;2,10,0;4,10,2,1,-1;4,0,4,-1,-1;4,2,6,-1,-1;4,6,7,-1,-1;4,4,8,-1,-1
Shcha	8,3,1;1,6,4;2,5,0;4,5,8,1,-1;4,8,12,-1,-1;4,12,0,-1,-1;4,6,10,-1,-1;4,10,14,-1,-1
Hard	1,2,4;2,15,0;6,22,5,1;4,2,0,1,-1;4,15,17,1,-1
Yeru	1,0,4;2,13,0;6,21,3,1;4,13,15,1,-1;4,0,24,-1,-1;4,13,27,-1,-1
Soft	1,0,4;2,13,0;6,21,3,1;4,13,15,1,-1
Ecyr	1,3,4;2,13,0;4,13,20,1,-1;14,24,3,13,0;4,24,26,0,-1;4,3,29,1,-1
Yu	1,40,4;1,21,4;2,38,0;2,31,0;6,36,16,0;4,31,0,1,-1;4,21,8,1,-1
Ya	1,9,4;2,10,0;2,14,0;6,12,8,0;4,9,0,1,-1;14,16,12,8,-1
Dje	1,21,4;2,0,0;6,28,13,0;4,0,5,1,-1;4,0,18,-1,0;4,21,20,1,-1;4,20,23,-1,-1
Ieukran	1,13,4;2,3,0;4,13,20,1,-1;14,25,13,3,0;4,25,24,0,-1;4,3,29,1,-1
Yi.a	1,24,4;2,26,0;4,24,0,-2,-1;4,0,6,-2,-1;4,0,12,-1,-1;4,6,18,-1,-1
Lje	1,45,4;2,30,0;6,7,47,1;4,30,20,-1,0;4,20,0,1,-1;4,45,21,1,-1;4,30,37,1,-1
Nje	1,25,4;2,24,0;4,24,20,-1,-1;4,20,0,1,-1;14,22,25,24,0;4,22,7,-1,0;4,22,27,0,-1;4,25,29,-1,-1;4,27,31,-1,0
Tshe	1,22,4;2,19,0;6,3,14,0;4,19,10,-1,-1;4,22,21,1,-1;4,21,24,-1,-1
Dzhe	8,3,1;1,6,4;2,4,0;4,4,0,-1,-1;4,4,9,1,-1;4,6,10,-1,-1
Yat	2,20,0;6,23,22,0;6,7,31,0;4,20,0,1,-1;4,23,28,-1,-1;4,22,29,-1,-1
Fita	1,14,4;2,24,0;6,0,13,0;4,24,3,1,-1;4,14,10,1,-1
Izhitsa	1,13,4;2,25,0;4,13,0,-1,0;14,5,0,25,-1;4,13,20,1,-1
Gheup	8,0,2;1,5,4;2,3,0;4,5,1,1,-1
Ghestroke	1,11,4;2,5,0;4,11,0,1,-1;14,3,11,5,0;4,3,2,0,-1;4,3,7,-1,-1;4,2,9,-1,0
Zhedescender	8,3,1;1,25,4;2,13,0;6,11,31,0;4,13,9,-1,-1;4,9,5,-1,-1;4,5,0,1,-1;4,11,6,-1,-1;14,14,31,11,-1;4,25,18,1,-1;4,25,33,-1,0;4,31,36,-1,-1;4,25,42,-1,-1;4,18,49,-1,-1;14,53,6,36,-1
Zedescender	8,10,1;1,40,4;2,11,0;6,25,26,0;14,0,25,26,-1;4,11,8,-1,-1;4,11,18,1,-1;4,40,33,1,-1
Kadescender	8,3,1;1,19,4;2,9,0;6,7,12,0;4,9,5,-1,-1;4,5,0,1,-1;4,19,10,-1,0;4,19,26,1,-1;14,32,12,7,-1
Endescender	8,3,1;1,10,4;2,9,0;4,9,5,-1,-1;4,5,0,1,-1;14,7,10,9,0;4,7,13,0,-1;4,10,14,-1,-1
Esdescender	8,5,1;1,16,4;2,6,0;4,6,3,-1,-1;4,16,23,1,-1;4,6,31,1,-1
Ustraightstroke	1,11,4;2,5,0;14,10,11,5,0;4,10,1,-1,-1;4,10,6,0,-1;4,6,2,-1,-1;4,11,21,-1,-1;14,16,21,5,-1
Hadescender	8,3,1;1,17,4;2,15,0;4,15,5,-1,-1;4,5,0,1,-1;14,10,17,15,-1;14,16,22,9,-1;4,17,27,-1,-1;14,23,5,27,-1;14,29,9,23,-1
Chedescender	8,3,1;1,15,4;2,4,0;6,9,20,1;4,4,0,1,-1;4,15,24,-1,-1
Shha	1,0,4;2,20,0;6,16,5,1;4,20,11,-1,-1
be	8,42,0;2,34,0;4,34,3,0,-1;4,42,16,0,-1;4,16,24,-2,-1;4,24,9,0,-1;14,21,24,9,-1;4,21,12,0,-1
ve	1,0,0;2,18,0;6,35,20,0;14,10,35,20,-1;4,0,26,0,-1;4,18,29,0,-1
ghe	1,0,0;2,4,0;4,0,2,0,-1
de	8,14,1;1,23,0;2,11,0;4,11,16,0,-1;4,16,4,-1,-1;4,23,5,0,-1;4,4,7,-1,-1;4,14,10,-1,-1
zhe	1,19,0;2,9,0;6,23,7,0;4,9,5,-1,-1;4,5,1,-1,-1;4,7,2,-1,-1;14,10,23,7,-1;4,19,14,1,-1;4,19,32,-1,-1;4,32,25,-1,-1;4,23,28,-1,-1;4,32,37,1,-1;14,41,2,28,-1
ze	1,28,0;2,0,0;6,12,15,0;4,0,7,0,-1;4,28,21,0,-1;14,37,12,15,-1
icyr	1,0,0;2,23,0;14,5,0,23,-1;4,0,10,-1,-1;4,23,13,-1,-1;14,17,13,10,-1
ka	1,15,0;2,5,0;6,8,3,0;4,5,1,-1,-1;4,15,6,-1,-1;4,15,20,1,-1;14,24,8,3,-1
em	1,0,0;2,37,0;14,5,37,0,-1;4,0,10,-1,-1;4,37,13,-1,-1;14,19,13,10,-1;14,25,10,13,-1;14,30,0,37,-1
en	1,0,0;2,11,0;6,2,9,1;4,0,4,-1,-1;4,11,7,-1,-1
pe	1,0,0;2,7,0;4,7,3,-1,-1;4,0,4,0,-1
te	1,2,0;2,7,0;4,2,0,0,-1;4,0,4,-1,-1
ef	1,17,5;1,12,0;2,38,1;2,4,0;14,1,4,12,-1;14,15,12,4,-1;4,12,23,-1,-1;4,4,33,-1,-1;14,20,23,33,-1;14,35,33,23,-1;4,4,39,0,-1;4,1,42,0,-1;4,15,43,0,-1;4,12,46,0,-1;4,39,52,-1,-1;4,46,58,-1,-1;4,20,61,0,-1;4,35,62,0,-1
tse	8,3,1;1,6,0;2,5,0;4,5,9,0,-1;4,9,0,-1,-1;4,6,10,-1,-1
che	1,9,0;2,19,0;6,3,14,0;4,9,17,-1,-1
sha	1,0,0;2,11,0;4,11,3,0,-1;4,0,4,-1,-1;4,3,7,-1,-1;4,4,8,-1,-1
shcha	8,3,1;1,6,0;2,5,0;4,5,9,0,-1;4,9,13,-1,-1;4,13,0,-1,-1;4,6,10,-1,-1;4,10,14,-1,-1
hard	1,2,0;2,15,0;6,21,5,0;4,2,0,0,-1;4,15,17,0,-1
yeru	1,0,0;2,14,0;6,20,2,0;4,14,15,0,-1;4,0,22,-1,-1;4,14,25,-1,-1
soft	1,0,0;2,13,0;6,19,3,0;4,13,15,0,-1
ecyr	1,3,0;2,13,0;6,23,26,0;4,13,20,0,-1;4,3,29,0,-1
yu	1,36,0;1,17,0;2,34,0;2,27,0;6,32,12,1;4,27,0,0,-1;4,17,6,0,-1
ya	1,9,0;2,15,0;6,12,8,0;4,9,0,0,-1;4,15,10,-1,-1;14,17,12,8,-1
dje	1,38,5;2,33,0;2,11,1;4,38,37,-2,-1;4,37,34,-2,-1;4,34,3,-2,-1;14,0,3,33,-1;4,11,18,0,-1;4,3,28,0,-1;4,0,31,0,-1;4,37,41,-1,-1;4,34,42,-1,-1
ieukran	1,13,0;2,3,0;6,25,24,0;4,13,20,0,-1;4,3,29,0,-1
yi.a	1,24,0;2,27,0;4,24,0,-2,-1;4,0,6,-2,-1;4,0,12,-1,-1;4,6,18,-1,-1
lje	1,37,0;2,25,0;6,5,39,0;4,25,18,-1,0;4,18,0,0,-1;4,37,19,0,-1;4,25,31,1,-1
nje	1,23,0;2,22,0;6,25,20,1;6,29,5,0;4,22,18,-1,-1;4,18,0,0,-1;4,23,27,-1,-1
dzhe	8,3,1;1,6,0;2,5,0;4,5,0,-1,-1;4,5,8,0,-1;4,6,10,-1,-1
yat	2,22,0;6,2,1,0;6,10,28,0;4,2,7,-1,-1;4,1,8,-1,-1;4,22,23,0,-1
izhitsa	1,13,0;2,25,0;4,13,0,-1,0;14,5,13,25,-1;4,13,20,1,-1
gheup	1,5,0;2,3,0;4,5,1,0,-1
ghestroke	1,11,0;2,6,0;6,7,10,0;4,10,2,-1,-1;4,7,3,-1,-1;4,11,13,0,-1
zhedescender	8,3,1;1,23,0;2,13,0;6,11,27,0;4,13,9,-1,-1;4,9,5,-1,-1;4,5,0,0,-1;4,11,6,-1,-1;14,14,27,11,-1;4,23,18,1,-1;4,23,29,-1,0;4,27,32,-1,-1;4,23,36,-1,-1;4,18,41,-1,-1;14,45,6,32,-1
zedescender	8,10,1;1,39,0;2,11,0;6,23,26,0;4,11,8,-1,-1;4,11,18,0,-1;4,39,32,0,-1
kabashkir	1,8,0;2,5,0;6,3,10,0;4,5,1,-1,-1;4,8,6,0,-1;4,8,17,-1,0;4,17,22,1,-1;14,26,10,3,-1
endescender	8,3,1;1,10,0;2,9,0;6,7,12,1;4,9,5,-1,-1;4,5,0,0,-1;4,10,14,-1,-1
esdescender	8,5,1;1,16,0;2,6,0;4,6,3,-1,-1;4,16,23,0,-1;4,6,29,0,-1
ustraight	1,1,0;2,0,0;2,15,1;14,6,1,15,-1;4,1,11,-1,-1;4,0,13,-1,-1
ustraightstroke	1,11,0;2,5,1;2,7,0;4,7,10,-1,-1;4,10,1,-1,-1;4,7,2,-1,-1;14,16,11,5,-1;4,11,21,-1,-1
hadescender	8,3,1;1,17,0;2,15,0;4,15,5,-1,-1;4,5,0,0,-1;4,17,27,-1,-1;14,9,5,27,-1;14,22,17,15,-1;14,16,22,9,-1;14,29,9,22,-1
chedescender	8,3,0;1,15,0;2,5,0;6,9,20,0;4,5,0,0,-1;4,15,24,-1,-1
be.srb	1,57,5;2,37,0;4,37,0,0,-1;14,6,57,37,-1;4,57,17,1,-1;4,6,27,0,-1;4,6,47,-1,-1
numero	1,23,3;2,0,0;6,81,78,0;6,56,72,0;4,0,4,0,-1;4,23,8,-1,0;4,0,32,-1,0;14,13,32,23,-1;4,23,27,0,-1;14,36,8,0,-1;4,78,46,-2,-1;4,46,66,0,-1
ampersand	1,48,4;2,30,0;2,24,0;6,27,59,-2;4,30,3,0,-1;14,6,27,59,-1;14,9,30,48,0;4,9,15,-2,-1;4,48,21,0,-1;14,40,9,15,-1;14,56,9,15,-1;14,66,27,59,-1
zero	1,6,3;2,0,0;4,0,12,0,-1;4,6,22,0,-1
one	1,7,3;2,12,0;4,12,1,0,-1;4,7,4,0,-1;4,4,2,0,-1;4,1,9,-1,-1
two	1,15,3;2,30,0;4,30,28,0,-1;4,28,25,-1,-1;4,25,0,-1,0;4,15,8,0,-1
three	1,31,3;2,0,0;4,0,7,0,-1;14,15,31,0,0;4,15,16,0,-1;4,31,24,0,-1;14,39,15,16,-1
four	1,18,3;2,13,0;6,0,14,0;14,4,18,13,-1;4,0,9,-1,-1;4,14,11,-1,-1;4,9,16,-1,0;4,0,19,-1,-1
five	1,18,3;2,0,0;4,0,7,0,-1;14,13,18,0,0;4,18,20,0,-1;4,13,25,0,-1
six	1,43,3;2,33,0;6,6,23,0;4,33,0,0,-1;4,43,15,0,-1
seven	1,7,3;2,0,0;4,7,5,0,-1;4,5,9,-1,0
eight	1,19,3;2,0,0;14,62,19,0,-1;4,62,40,0,-1;14,10,40,62,-1;14,30,62,40,-1;4,19,46,0,-1;4,0,54,0,-1
nine	1,33,3;2,43,0;6,23,0,0;4,33,6,0,-1;4,43,15,0,-1
zero.0	1,6,3;2,0,0;4,0,12,0,-1;4,6,22,0,-1;14,32,6,0,-1;4,32,38,-2,-1
zero.0s	1,22,3;2,28,0;14,0,28,22,-1;4,28,7,0,-1;14,10,28,22,-1;14,11,28,22,-1;4,22,18,0,-1;14,21,22,28,-1
zero.pnum	1,8,3;2,0,0;4,0,16,0,-1;4,8,26,0,-1
one.pnum	1,6,3;2,7,0;4,6,2,0,-1;4,2,0,0,-1
two.pnum	1,15,3;2,30,0;4,30,28,0,-1;4,28,25,-1,-1;4,25,0,-1,0;4,15,8,0,-1
seven.pnum	1,7,3;2,0,0;4,7,5,0,-1;4,5,9,-1,0
zero.0p	1,8,3;2,0,0;4,0,16,0,-1;4,8,24,0,-1;14,32,8,0,-1;4,32,38,-2,-1
zero.0ps	1,24,3;2,32,0;14,0,32,24,-1;4,32,8,0,-1;14,11,32,24,-1;14,12,32,24,-1;4,24,20,0,-1;14,23,24,32,-1
zero.tnum	1,10,2;2,0,0;4,0,20,0,-1;4,10,26,0,-1
one.tnum	1,7,2;2,12,0;4,12,1,0,-1;4,7,4,0,-1;4,4,2,0,-1;4,1,9,-1,-1
two.tnum	1,15,2;2,30,0;4,30,28,0,-1;4,28,25,-1,-1;4,25,0,-1,0;4,15,8,0,-1
three.tnum	1,31,2;6,0,7,0;14,15,31,0,0;4,15,16,0,-1;4,31,24,0,-1;14,39,16,15,-1
four.tnum	1,18,2;6,14,0,0;14,4,18,13,-1;4,0,9,-1,-1;4,14,11,-1,-1;4,9,16,-1,-1;4,0,19,-1,-1
five.tnum	1,18,2;6,0,7,0;14,13,18,0,-1;4,18,21,0,-1;4,13,25,0,-1
seven.tnum	1,7,2;4,7,5,0,-1;4,5,9,-1,0
nine.tnum	1,31,2;6,39,15,0;6,23,0,0;4,31,6,0,-1
one.onum	1,5,2;2,7,0;4,5,2,0,-1;4,2,0,0,-1
two.onum	1,15,2;2,30,0;4,30,28,0,-1;4,28,25,-1,-1;4,25,0,-1,0;4,15,8,0,-1
seven.onum	1,7,2;4,7,5,0,-1;4,5,9,-1,0
zero.cap	1,10,4;2,0,0;4,0,16,0,-1;4,10,26,0,-1
one.cap	1,7,4;2,12,0;4,12,0,0,-1;4,7,4,0,-1;4,4,2,0,-1;4,0,10,-1,-1
two.cap	1,13,4;2,28,0;4,28,26,0,-1;4,26,23,-1,-1;4,23,0,-1,0;4,13,6,0,-1
three.cap	1,31,4;2,0,0;4,0,7,0,-1;14,15,31,0,-1;4,15,16,0,-1;4,31,24,0,-1;14,40,15,16,-1
four.cap	1,17,4;2,13,0;6,14,0,0;14,4,17,13,-1;4,14,10,-1,-1;4,0,16,-1,0;4,0,20,-1,-1
five.cap	1,18,4;2,0,0;4,0,7,0,-1;14,13,18,0,-1;4,18,20,0,-1;4,13,25,0,-1
six.cap	1,43,4;2,33,0;6,6,23,0;4,33,0,0,-1;4,43,15,0,-1
seven.cap	1,7,4;2,0,0;4,7,5,0,-1;4,5,9,-1,0
eight.cap	1,19,4;2,0,0;14,61,19,0,-1;4,61,40,0,-1;14,11,40,61,-1;14,29,61,40,-1;4,19,45,0,-1;4,0,53,0,-1
nine.cap	1,31,4;2,41,0;6,23,0,0;4,31,6,0,-1;4,41,15,0,-1
period	2,0,0;4,0,6,-2,-1
comma	2,4,0;4,4,10,-2,-1
exclam	2,6,0;4,6,12,-2,-1;4,12,5,-2,-1
exclamdown	1,12,0;4,12,6,-2,-1;4,6,1,-2,-1
question	2,30,0;6,10,17,0;4,30,36,-2,-1;4,36,0,-2,-1
questiondown	1,34,0;6,0,21,0;4,34,28,-2,-1;4,28,10,-2,-1
interrobang	2,39,0;6,8,15,0;4,39,33,-2,-1;4,33,28,-2,-1;14,0,15,28,-1;4,8,30,-2,-1
copyright	2,0,0;6,10,30,0;4,0,20,0,-1;4,20,40,-2,-1;4,30,50,-2,-1;4,50,57,0,-1;4,40,63,0,-1
soundcopyright	2,0,0;6,30,10,0;6,40,62,0;6,51,55,0;4,0,20,0,-1
registered	8,52,0;8,41,0;4,52,20,-2,-1;4,20,0,0,-1;4,41,30,-2,-1;4,30,10,0,-1;14,50,52,41,0;4,50,54,0,-1;14,47,54,50,-1;4,52,49,-1,-1;4,41,60,0,-1
trademark	8,26,0;8,23,0;4,23,0,-1,-1;4,26,18,-1,-1;14,14,18,0,0;4,14,3,0,-1;4,0,6,-1,-1;4,18,9,-1,-1;4,6,12,0,-1;4,0,16,0,-1;4,23,25,0,-1;4,25,20,-1,-1
servicemark	8,58,0;8,40,0;4,58,0,-1,0;4,0,6,0,-1;4,40,18,-1,0;14,8,0,18,-1;4,18,25,0,-1;14,28,18,0,-1;14,54,58,40,0;4,54,43,0,-1;4,40,46,-1,-1;4,58,49,-1,-1;4,46,52,0,-1;4,40,56,0,-1
at	6,0,63,0;6,27,69,0;6,75,35,0;6,53,10,0;4,27,20,-1,-1;14,23,27,35,-1;14,37,35,27,-1;4,69,43,-1,-1;4,23,72,0,-1;4,37,73,0,-1
at.case	6,0,63,0;6,53,10,0;6,27,70,0;6,35,77,0;4,27,20,-1,0;14,23,27,35,-1;14,37,35,27,-1;4,70,43,-1,0;4,23,73,0,-1;4,37,74,0,-1
A.sc	1,14,1;2,12,0;2,16,0;14,0,14,12,0;14,5,14,12,-1;4,0,11,0,-1
B.sc	1,0,1;2,18,0;14,34,0,18,0;4,34,20,0,-1;14,9,20,34,-1;4,0,26,0,-1;4,18,29,0,-1
C.sc	1,10,1;2,0,0;4,10,17,0,-1;4,0,23,0,-1
D.sc	1,0,1;2,11,0;4,11,13,0,-1;4,0,18,0,-1
E.sc	1,0,1;2,10,0;4,0,2,0,-1;14,6,0,10,0;4,6,4,0,-1;4,10,8,0,-1
F.sc	1,0,1;2,8,0;6,6,5,0;4,0,2,0,-1
G.sc	1,10,1;2,0,0;4,10,17,0,-1;4,0,23,0,-1;14,27,10,0,1;4,27,29,0,-1
H.sc	1,0,1;1,4,1;2,6,0;2,10,0;6,8,3,0
I.sc	1,0,1;2,2,0
J.sc	1,10,1;2,0,0;4,0,6,0,-1
K.sc	1,0,1;1,4,1;2,7,0;2,11,0;14,3,7,0,-1;14,6,0,7,-1;14,9,7,0,-1
L.sc	1,0,1;2,4,0;4,4,2,0,-1
M.sc	1,0,1;1,6,1;2,8,0;2,28,0;14,3,0,28,-1;14,15,8,6,-1;14,18,0,8,-1;14,22,0,28,-1
N.sc	1,0,1;1,8,1;2,10,0;2,18,0;14,4,10,8,-1;14,14,0,18,-1
O.sc	1,10,1;2,0,0;4,0,20,0,-1;4,10,26,0,-1
P.sc	1,0,1;2,13,0;6,11,15,0;4,0,20,0,-1
Q.sc	1,26,1;2,18,0;6,15,37,0;4,18,3,0,-1;4,26,9,0,-1;4,18,34,-1,-1
R.sc	1,14,1;2,13,0;2,9,0;6,10,1,0;4,14,7,0,-1;14,23,1,10,-1
S.sc	1,24,1;2,0,0;4,0,7,0,-1;14,14,0,24,-1;4,24,31,0,-1;14,38,24,0,-1
T.sc	1,2,1;2,7,0;4,2,1,0,-1;4,1,4,-1,-1
U.sc	1,6,1;2,0,0;4,0,11,0,-1;4,6,15,-1,-1
V.sc	1,0,1;2,12,0;14,5,0,12,-1;4,0,10,-1,-1
W.sc	1,0,1;2,32,0;4,32,22,-1,-1;14,6,22,0,-1;4,0,10,-1,-1;4,10,20,-1,-1;14,15,22,20,-1;14,28,10,22,-1
X.sc	1,1,1;1,11,1;2,14,0;2,24,0;14,0,1,24,-1;14,7,14,1,-1;14,13,14,11,-1;14,20,14,1,-1
Y.sc	1,1,1;2,14,0;14,7,14,1,-1;4,1,11,-1,-1
Z.sc	1,3,1;2,8,0;4,8,6,0,-1;4,6,0,-1,0;4,3,1,0,-1;4,1,5,-1,0
Aogonek.sc	1,27,1;2,25,0;6,13,37,-1;14,5,27,25,-1;14,23,27,25,0;4,23,9,0,-1;4,25,22,-1,-1;4,22,29,-1,-1
AE.sc	1,14,1;2,12,0;14,0,14,12,-1;14,1,14,12,-1;4,12,9,-1,-1;4,9,7,0,-1;4,0,11,0,-1;4,14,16,0,-1;14,21,14,9,-1;4,21,19,0,-1
Bstroke.sc	1,35,1;2,29,0;6,9,8,-2;6,5,13,-2;4,29,0,0,-1;4,35,19,0,-1;14,21,13,5,-1;4,9,31,-1,-1;4,8,33,-1,0
Eogonek.sc	1,10,1;2,9,0;6,0,29,-1;4,10,12,0,-1;14,16,10,9,0;4,16,14,0,-1;4,9,19,0,-1;4,9,20,-1,-1
Ghook.sc	1,13,1;2,3,0;6,28,21,0;4,13,38,0,-1;4,3,44,0,-1;14,50,13,3,1;4,50,48,0,-1
Hbar.sc	1,16,1;2,11,0;4,16,15,-2,-1;4,15,12,-2,-1;4,12,0,-1,-1;4,12,2,-2,-1;4,0,4,-1,-1;4,11,7,-1,-1;4,2,9,0,-1;4,15,19,-1,-1;4,16,20,-1,-1;4,19,23,-1,-1
Iogonek.sc	1,10,1;2,9,0;6,0,17,-1;4,9,12,-1,-1
Lslash.sc	1,7,1;2,1,0;6,11,10,-2;6,4,5,-2;4,1,0,0,-1;14,3,1,7,-1;4,3,6,-1,-1;4,3,12,-1,-1;4,12,9,-1,-1
Oslash.sc	1,37,1;2,24,0;14,0,24,37,-1;4,24,2,0,-1;14,7,24,37,-1;14,8,37,24,-1;4,37,10,0,-1;14,15,24,37,-1;14,16,37,24,-1;14,26,24,37,-1;14,29,24,37,-1;14,39,37,24,-1
OE.sc	1,10,1;2,0,0;4,10,23,0,-1;4,23,12,-1,-1;14,16,10,0,0;4,16,14,0,-1;4,0,29,0,-1;4,29,19,-1,-1
Ohorn.sc	1,36,1;2,26,0;4,26,0,0,-1;4,36,6,0,-1;14,18,26,36,-1;4,18,38,-1,-1
Oogonek.sc	1,16,1;2,6,0;6,0,30,-1;4,6,24,-1,-1;4,6,37,0,-1;4,16,43,0,-1
Germandbls.sc	1,29,1;2,0,0;4,0,7,0,-1;14,13,29,0,-1;4,13,14,-2,-1;4,29,18,0,-1;4,0,23,-1,0;14,33,13,14,-1
Tbar.sc	1,14,1;2,6,0;14,7,14,6,-1;4,7,11,-1,-1;4,11,2,-1,-1;4,7,3,-1,-1;4,14,13,0,-1;4,13,16,-1,-1
Uogonek.sc	1,14,1;2,8,0;4,8,19,0,-1;4,14,23,-1,-1;4,8,30,-1,-1
Uhorn.sc	1,20,1;2,14,0;4,20,29,-1,-1;4,29,8,-2,-1;4,14,25,0,-1
Eth.sc	1,12,1;2,22,0;4,22,0,0,-1;4,12,5,0,-1;14,9,12,22,0;4,9,8,-1,-1;4,9,25,-1,-1;4,8,26,-1,-1
Thorn.sc	1,0,1;2,15,0;6,13,17,0;6,3,22,0
Schwa.sc	1,10,1;2,20,0;14,29,10,20,0;4,29,0,0,-1;4,20,3,0,-1;4,10,32,0,-1
Eng.sc	1,27,1;2,0,0;4,0,6,0,-1;4,27,16,0,-1;14,24,0,27,-1;4,24,19,1,-1;4,0,21,-1,0;4,27,22,-1,0
IJ.sc	1,0,1;2,2,0;6,4,11,0;4,0,15,-1,-1
Eng.sca	1,19,1;2,18,0;6,0,6,0;4,18,10,-1,-1;14,13,19,18,-1;4,19,27,-1,-1;14,23,27,9,-1
Gamma.sc	1,0,1;2,4,0;4,0,2,0,-1
Delta.sc	1,1,1;2,4,0;4,4,6,0,-1;14,9,4,1,-1
Theta.sc	1,14,1;2,4,0;6,2,1,0;4,4,24,0,-1;4,14,30,0,-1
Lambda.sc	1,0,1;2,12,0;4,12,2,-1,-1;14,8,0,12,-1
Xi.sc	1,8,1;2,2,0;6,6,5,0;4,2,0,0,-1;4,8,10,0,-1
Pi.sc	1,0,1;2,6,0;4,6,2,-1,-1;4,0,4,0,-1
Sigma.sc	1,3,1;2,10,0;4,10,8,0,-1;4,8,0,-1,0;4,3,5,0,-1;4,5,2,-1,0
Phi.sc	6,24,0,0;6,6,14,0;4,6,7,-1,-1;4,0,13,-1,-1;4,24,26,-2,-1;4,24,27,-1,-1;4,14,37,-1,-1;4,14,38,-2,-1
Psi.sc	1,11,1;2,5,0;6,4,19,0;4,4,7,-1,-1;4,19,16,-1,-1;4,11,17,-1,-1;4,17,23,-1,-1
Omega.sc	1,12,1;2,43,0;4,43,0,0,-1;4,0,24,-1,-1;4,43,25,-1,-1;4,24,27,-1,0;4,12,35,0,-1;4,0,41,-1,0
Alphaiotasub.sc	8,21,2;1,17,1;2,16,0;4,16,12,-1,-1;14,5,17,12,-1;14,9,17,16,-1;4,9,14,0,-1;4,12,20,-1,-1
Etaiotasub.sc	8,0,2;1,4,1;2,15,0;4,15,11,-1,-1;4,11,3,-1,-1;14,13,4,15,0;4,13,7,0,-1;4,4,8,-1,-1
Omegaiotasub.sc	8,0,2;1,16,1;2,47,0;4,47,30,-1,-1;4,30,3,-1,-1;4,47,4,0,-1;4,4,28,-1,-1;4,28,31,-1,0;4,16,39,0,-1;4,4,45,-1,0
Be.sc	1,0,1;2,15,0;4,0,2,0,-1;14,22,0,15,-1;4,22,5,0,-1;4,15,17,0,-1
De.sc	8,17,1;1,28,1;2,14,0;4,14,19,0,-1;4,19,8,-1,-1;4,28,9,0,-1;4,8,10,-1,-1;4,17,13,-1,-1
Zhe.sc	1,19,1;2,9,0;6,23,7,0;4,9,5,-1,-1;4,5,1,-1,-1;4,7,2,-1,-1;14,10,23,7,-1;4,19,14,1,-1;4,19,25,-1,0;4,23,28,-1,-1;4,19,32,-1,-1;4,14,38,-1,-1;14,42,2,28,-1
Ze.sc	1,28,1;2,0,0;6,12,15,0;4,0,7,0,-1;4,28,21,0,-1;14,35,12,15,-1
Icyr.sc	1,10,1;2,9,0;4,9,1,-1,-1;4,10,18,-1,-1;14,5,18,1,-1;14,15,10,9,-1
Ka.sc	1,15,1;2,5,0;6,3,8,0;4,5,1,-1,-1;4,15,6,-1,0;4,15,21,1,-1;14,25,3,8,-1
El.sc	1,14,1;2,0,0;4,0,6,1,-1;4,0,17,-1,0;4,14,18,0,-1
Ucyr.sc	1,9,1;2,0,0;4,0,5,1,-1;14,8,9,0,-1;14,13,0,9,-1;4,9,15,-1,-1
Ef.sc	1,30,1;2,22,0;4,22,23,-2,-1;4,23,13,0,-1;4,13,0,-1,-1;4,30,29,-2,-1;4,29,7,0,-1;4,7,6,-1,-1;4,29,14,-1,-1;4,23,20,-1,-1
Tse.sc	8,3,1;1,6,1;2,5,0;4,5,8,0,-1;4,8,0,-1,-1;4,6,10,-1,-1
Che.sc	1,9,1;2,20,0;6,3,14,0;4,9,18,-1,-1
Sha.sc	1,0,1;2,10,0;4,10,2,0,-1;4,0,4,-1,-1;4,2,6,-1,-1;4,4,8,-1,-1
Shcha.sc	8,3,1;1,6,1;2,4,0;4,4,8,0,-1;4,8,12,-1,-1;4,12,0,-1,-1;4,6,10,-1,-1;4,10,14,-1,-1
Hard.sc	1,2,1;2,15,0;6,23,5,0;4,2,0,0,-1;4,15,17,0,-1
Yeru.sc	1,4,1;2,17,0;6,25,7,0;4,4,0,-1,-1;4,17,3,-1,-1;4,17,19,0,-1
Soft.sc	1,0,1;2,13,0;6,21,3,0;4,13,15,0,-1
Ecyr.sc	1,2,1;2,12,0;4,12,19,0,-1;14,22,2,12,0;4,22,24,0,-1;4,2,28,0,-1
Yu.sc	1,34,1;1,15,1;2,32,0;2,25,0;6,30,12,0;4,25,0,0,-1;4,15,6,0,-1
Ya.sc	1,8,1;2,9,0;2,13,0;6,11,7,0;4,8,0,0,-1;14,15,11,7,-1
Dje.sc	1,34,1;2,13,0;6,3,26,0;4,13,20,0,-1;4,13,31,-1,0;4,34,33,0,-1;4,33,36,-1,-1
Ieukran.sc	1,12,1;2,2,0;4,12,19,0,-1;14,24,12,2,0;4,24,23,0,-1;4,2,28,0,-1
Yi.sca	1,24,1;2,26,0;6,0,6,-2;4,0,12,-1,-1;4,6,18,-1,-1
Lje.sc	1,44,1;2,30,0;6,7,46,0;4,30,36,1,-1;4,36,8,-1,-1;4,30,20,-1,0;4,44,21,0,-1
Nje.sc	1,25,1;2,24,0;4,24,20,-1,-1;4,20,0,0,-1;14,22,25,24,0;4,22,7,-1,0;4,22,27,0,-1;4,25,29,-1,-1;4,27,31,-1,0
Tshe.sc	1,22,1;2,19,0;6,14,3,0;4,19,10,-1,-1;4,22,21,0,-1;4,21,24,-1,-1
Dzhe.sc	8,3,1;1,6,1;2,5,0;4,5,1,-1,-1;4,6,10,-1,-1
Yat.sc	2,19,0;6,21,24,-2;6,6,9,0;4,19,0,0,-1;4,24,25,-2,-1;4,24,27,-1,-1;4,21,29,-1,-1
Fita.sc	1,14,1;2,24,0;14,0,14,24,0;4,24,3,0,-1;4,0,7,0,-1;4,14,10,0,-1
Izhitsa.sc	1,13,1;2,25,0;4,13,0,-1,0;14,5,0,25,-1;4,13,20,1,-1
Gheup.sc	8,7,2;1,5,1;2,3,0;4,5,1,0,-1
Ghestroke.sc	1,11,1;2,5,0;4,11,0,0,-1;14,3,11,5,0;4,3,2,-2,-1;4,3,7,-1,-1;4,2,9,-1,0
Zhedescender.sc	8,3,1;1,23,1;2,13,0;6,11,27,0;4,13,9,-1,-1;4,9,5,-1,-1;4,5,0,0,-1;4,11,6,-1,-1;14,14,27,11,-1;4,23,18,1,-1;4,23,29,-1,0;4,27,32,-1,-1;4,23,36,-1,-1;4,18,42,-1,-1;14,46,6,32,-1
Zedescender.sc	8,8,1;1,37,1;2,9,0;4,9,6,-1,-1;4,9,16,0,-1;14,22,37,9,0;4,22,23,0,-1;4,37,30,0,-1;14,43,23,22,-1
Kadescender.sc	8,3,1;1,19,1;2,9,0;6,7,12,0;4,9,5,-1,-1;4,5,0,0,-1;4,19,10,-1,0;4,19,25,1,-1;14,29,12,7,-1
Endescender.sc	8,3,1;1,10,1;2,9,0;4,9,5,-1,-1;4,5,0,0,-1;14,7,10,9,0;4,7,13,0,-1;4,10,14,-1,-1
Esdescender.sc	8,4,1;1,15,1;2,5,0;4,5,2,-1,-1;4,15,22,0,-1;4,5,28,0,-1
Ustraightstroke.sc	1,11,1;2,5,0;14,10,11,5,-1;4,10,1,-1,-1;4,10,6,-2,-1;4,6,2,-1,-1;4,11,21,-1,-1;14,16,21,5,-1
Hadescender.sc	8,3,1;1,17,1;2,15,0;4,15,5,-1,-1;4,5,0,0,-1;14,9,17,15,-1;4,17,27,-1,-1;14,22,5,27,-1;14,16,22,9,-1;14,29,9,22,-1
Chedescender.sc	8,3,1;1,15,1;2,4,0;6,9,20,0;4,4,0,0,-1;4,15,24,-1,-1
Shha.sc	1,20,1;2,18,0;6,14,3,0;4,18,9,-1,-1
ampersand.sc	1,47,1;2,29,0;4,29,3,0,-1;14,61,47,29,-1;14,58,61,29,-1;14,26,29,61,-1;14,6,58,26,-1;14,9,29,47,-1;14,15,47,29,-1;4,47,21,0,-1;14,39,15,9,-1;14,55,9,15,-1;14,63,26,58,-1
zero.sc	1,10,1;2,0,0;4,0,20,0,-1;4,10,30,0,-1
one.sc	1,5,1;2,7,0;4,5,2,-2,-1;4,2,0,0,-1
two.sc	1,14,1;2,29,0;4,29,27,0,-1;4,27,0,-1,0;4,14,7,0,-1
three.sc	1,29,1;2,0,0;6,15,16,0;4,0,7,0,-1;4,29,22,0,-1;14,38,15,16,-1
four.sc	1,17,1;2,12,0;14,10,17,12,0;4,10,20,0,-1;4,20,0,-1,-1;14,4,17,12,-1;4,10,14,-1,-1;4,0,16,-1,-1
five.sc	1,18,1;2,0,0;4,0,7,0,-1;14,13,18,0,0;4,18,20,0,-1;4,13,25,0,-1
six.sc	1,41,1;2,31,0;6,6,23,0;4,31,0,0,-1;4,41,15,0,-1;14,20,31,41,-1
seven.sc	1,7,1;2,0,0;4,7,5,0,-1;4,5,9,-1,-1
eight.sc	1,19,1;2,0,0;6,58,38,0;14,10,38,58,-1;14,27,58,38,-1;4,19,44,0,-1;4,0,50,0,-1
nine.sc	1,33,1;2,43,0;6,23,0,0;4,33,6,0,-1;4,43,15,0,-1;14,20,43,33,-1
exclam.sc	1,1,1;2,6,0;4,6,12,-2,-1;4,12,5,-2,-1
exclamdown.sc	1,12,1;2,4,0;4,12,6,-2,-1;4,6,1,-2,-1
question.sc	2,30,0;6,17,10,0;4,30,36,-2,-1;4,36,0,-2,-1
questiondown.sc	1,34,1;6,0,21,0;4,34,28,-2,-1;4,28,12,-2,-1
zero.dnom	8,6,0;2,0,0;4,0,12,-2,-1;4,6,18,-2,-1
one.dnom	8,6,0;2,8,0;4,6,0,-2,-1
two.dnom	8,13,0;2,23,0;4,23,21,-2,-1;4,21,0,-1,0;4,13,6,-2,-1
three.dnom	8,26,0;2,0,0;6,12,13,0;4,0,6,-2,-1;4,26,19,-2,-1;14,34,13,12,-1
four.dnom	8,14,0;2,9,0;6,10,0,-2;14,2,14,9,-1;4,0,5,-1,-1;4,10,7,-1,-1;4,5,12,-1,0;4,0,15,-1,-1
five.dnom	8,18,0;2,0,0;6,25,13,-1;4,0,7,-2,-1;4,18,20,-2,-1
six.dnom	8,34,0;2,28,0;6,20,6,-2;4,28,0,-2,-1;4,34,15,-2,-1
seven.dnom	8,7,0;2,0,0;4,7,5,-2,-1;4,5,9,-1,0
eight.dnom	8,17,0;2,0,0;6,51,32,-1;14,9,32,51,-1;14,23,51,32,-1;4,17,37,-2,-1;4,0,43,-2,-1
nine.dnom	8,28,0;2,34,0;6,0,20,-2;4,28,6,-2,-1;4,34,15,-2,-1
A.sups	8,13,0;8,16,0;8,14,0;14,5,14,13,-1;14,10,14,13,-1;4,10,9,-2,-1
B.sups	8,1,0;8,17,0;14,31,1,17,-1;4,31,19,-2,-1;14,9,31,19,-1;4,1,24,-2,-1;4,17,27,-2,-1
C.sups	8,10,0;8,0,0;4,10,17,-2,-1;4,0,23,-2,-1
D.sups	8,7,0;8,1,0;4,7,9,-2,-1;4,1,15,-2,-1
E.sups	8,0,0;8,11,0;6,6,5,-2;4,0,2,-2,-1;4,11,9,-2,-1
F.sups	8,9,0;8,0,0;6,6,5,-2;4,0,2,-2,-1
G.sups	8,0,0;8,10,0;6,28,29,-2;4,10,17,-2,-1;4,0,23,-2,-1
H.sups	8,0,0;8,4,0;8,11,0;8,7,0;6,2,8,-2
I.sups	8,0,0;8,2,0
J.sups	8,10,0;8,0,0;4,0,6,-2,-1
K.sups	8,12,0;8,8,0;8,0,0;8,4,0;14,2,0,12,-1;14,6,0,8,-1;14,9,12,0,-1
L.sups	8,0,0;8,5,0;4,5,3,-2,-1
M.sups	8,25,0;8,9,0;8,0,0;8,7,0;14,4,7,9,-1;14,13,9,7,-1;14,17,25,0,-1;14,20,0,25,-1
N.sups	8,0,0;8,9,0;8,10,0;8,19,0;14,4,10,9,-1;14,14,0,19,-1
O.sups	8,10,0;8,0,0;4,0,20,-2,-1;4,10,26,-2,-1
P.sups	8,0,0;8,14,0;6,11,15,-2;4,0,20,-2,-1
Q.sups	8,18,0;8,26,0;6,15,37,-2;4,18,3,-2,-1;4,26,9,-2,-1;4,18,34,-1,-1
R.sups	8,12,0;8,8,0;8,13,0;6,9,1,-2;4,13,6,-2,-1;14,22,1,9,-1
S.sups	8,24,0;8,0,0;4,0,7,-2,-1;14,14,0,24,-1;4,24,31,-2,-1;14,38,24,0,-1
T.sups	8,7,0;8,2,0;4,2,1,-2,-1;4,1,4,-1,-1
U.sups	8,4,0;8,0,0;4,0,9,-2,-1;4,4,13,-1,-1
V.sups	8,0,0;8,10,0;8,13,0;14,5,0,13,-1
W.sups	8,0,0;8,33,0;14,5,0,33,-1;4,0,10,-1,-1;4,10,20,-1,-1;4,33,23,-1,-1;14,15,20,23,-1;14,27,33,10,-1
X.sups	8,1,0;8,12,0;8,14,0;8,25,0;14,0,1,25,-1;14,6,14,12,-1;14,13,14,12,-1;14,20,1,25,-1
Y.sups	8,1,0;8,15,0;14,6,1,15,-1;4,1,11,-1,-1
Z.sups	8,3,0;8,8,0;4,8,6,-2,-1;4,6,0,-1,0;4,3,1,-2,-1;4,1,5,-1,0
a.sups	8,0,0;8,16,0;6,29,6,-2;4,16,9,-2,-1;4,0,20,-1,-1;4,0,25,-2,-1;14,22,0,25,-1
b.sups	8,0,0;8,7,0;1,13,5;14,3,0,13,-1;4,0,6,-1,0;14,10,13,0,-1;4,0,21,-2,-1;4,13,26,-2,-1
c.sups	8,10,0;8,0,0;4,10,17,-2,-1;4,0,23,-2,-1
d.sups	8,0,0;8,8,0;8,13,0;4,8,26,-2,-1;14,11,26,8,-1;4,0,16,-1,-1;4,0,21,-2,-1;14,18,0,21,-1
e.sups	8,10,0;8,0,0;14,19,10,0,0;4,0,22,-2,-1;4,19,28,-2,-1;4,10,33,-2,-1
f.sups	8,21,0;8,10,0;8,6,0;4,21,3,-2,-1;4,6,9,-2,-1;4,9,12,-1,-1;4,6,15,-1,-1
g.sups	8,0,0;1,21,5;6,44,70,-1;6,35,51,-1;14,5,44,70,-1;14,12,51,35,-1;4,21,25,-1,-1;4,21,57,-2,-1;4,57,26,-1,-1;4,0,63,-2,-1
h.sups	8,6,0;8,19,0;8,11,0;8,1,0;4,6,15,-2,-1
i.sups	8,14,0;8,13,0;4,13,0,-2,-1;4,0,6,-2,-1
j.sups	8,0,0;8,12,0;4,0,7,-2,-1;4,12,16,-2,-1;4,16,22,-2,-1
k.sups	8,11,0;8,8,0;8,4,0;8,1,0;14,2,11,1,-1;14,6,1,11,-1;14,9,11,1,-1
l.sups	8,4,0;8,0,0;4,0,8,-2,-1
m.sups	8,31,0;8,6,0;4,6,1,-1,-1;14,2,6,31,-1;4,6,11,-1,-1;14,8,11,24,-1;4,31,23,-1,-1;4,23,15,-1,-1;4,6,28,-2,-1;4,28,20,-1,-1
n.sups	8,6,0;8,19,0;4,6,1,-1,-1;14,2,6,19,-1;4,19,10,-1,-1;4,6,15,-2,-1
o.sups	8,10,0;8,0,0;4,0,20,-2,-1;4,10,26,-2,-1
p.sups	8,19,0;8,14,0;1,6,5;4,6,0,-1,0;14,2,6,14,-1;14,16,14,6,-1;4,14,20,-2,-1;4,6,25,-2,-1
q.sups	8,12,0;8,4,0;8,19,0;14,1,4,12,-1;14,14,12,4,-1;4,12,16,-1,-1;4,4,20,-2,-1;4,12,25,-2,-1
r.sups	8,5,0;8,16,0;4,5,1,-1,-1;14,2,5,16,-1;4,5,12,-2,-1
s.sups	8,0,0;1,21,5;4,0,7,-2,-1;14,13,21,0,-1;4,21,28,-2,-1;14,36,0,21,-1
t.sups	8,0,0;1,7,5;4,7,4,-2,-1;4,7,9,-2,-1;4,7,11,-1,-1;4,4,12,-1,-1;4,0,16,-2,-1
u.sups	8,0,0;1,4,5;4,0,9,-2,-1;4,4,12,-1,-1;4,0,14,-1,0;14,16,0,4,-1
v.sups	8,9,0;1,0,5;14,3,0,9,-1;4,0,6,-1,-1
w.sups	8,21,0;1,0,5;14,3,0,21,-1;4,0,6,-1,-1;4,6,12,-1,-1;4,21,15,-1,-1;14,9,12,15,-1;14,18,0,15,-1
x.sups	8,17,0;1,1,5;4,17,11,-1,-1;4,1,7,-1,-1;14,4,11,7,-1;14,14,1,17,-1;14,0,4,14,-1;14,9,13,4,-1
y.sups	8,0,0;1,11,5;4,0,6,-2,-1;14,10,11,0,-1;14,16,11,0,-1;4,11,21,-1,-1
z.sups	8,3,0;8,8,0;4,8,6,-2,-1;4,6,0,-1,0;4,3,1,-2,-1;4,1,5,-1,0
glottalstopreversedmod	8,25,0;6,17,10,0
gammalatinsupmod	8,17,0;1,24,5;14,0,24,17,-1;4,17,5,-2,-1;14,29,17,24,-1;14,11,0,29,-1;14,23,29,0,-1;4,24,34,-1,-1
egrave.sups	8,14,0;8,4,0;6,1,3,-2;14,22,14,4,0;4,4,26,-2,-1;4,14,37,-2,-1;4,22,40,-2,-1
eacute.sups	8,14,0;8,4,0;6,3,1,-1;14,22,14,4,0;4,4,26,-2,-1;4,14,37,-2,-1;4,22,40,-2,-1
schwa.sups	8,19,0;8,0,0;14,8,19,0,0;4,19,12,-2,-1;4,0,27,-2,-1;4,8,30,-2,-1
a.supa	8,0,0;1,8,5;14,11,8,0,-1;4,8,13,-1,0;4,0,14,-1,0;14,16,0,8,-1;4,0,20,-2,-1;4,8,25,-2,-1
g.supa	8,0,0;1,23,5;6,15,32,-1;4,0,7,-2,-1;14,12,15,23,-1;14,25,23,15,-1;4,23,28,-1,0;4,23,38,-2,-1
l.supa	8,1,0;8,2,0
colon.sups	6,0,6,-1;6,12,18,-1
hyphen.sups	6,2,1,-2
dollar	1,39,3;2,19,0;4,39,3,0,-1;14,6,19,39,-1;14,13,39,19,-1;4,19,16,-1,-1;4,19,17,1,1;4,19,26,0,-1;14,29,39,19,-1;14,36,19,39,-1;4,39,41,-1,0;4,39,42,-1,-1
sterling	1,21,3;2,2,0;6,13,9,0;4,2,0,0,-1;4,0,3,-1,0;4,21,28,0,-1;4,13,35,-1,-1;4,9,36,-1,-1
yen	1,8,3;2,29,0;6,5,6,-2;4,5,2,-1,-1;4,2,1,-1,-1;14,13,8,29,-1;4,8,18,-1,-1;4,6,21,-1,-1;4,5,22,-1,-1;4,2,25,-1,-1;4,1,26,-1,-1
yuan	1,4,3;2,21,0;6,1,2,-2;14,9,4,21,-1;4,4,14,-1,-1;4,2,17,-1,-1;4,1,18,-1,-1
Euro	1,23,3;2,3,0;6,9,15,-2;4,9,6,-1,-1;4,15,18,-1,-1;4,23,30,0,-1;4,18,34,-1,-1;4,15,35,-1,-1;4,9,43,-1,-1;4,6,44,-1,-1;4,3,48,0,-1
cent	6,0,21,0;6,13,6,0;4,13,10,-1,-1;4,21,24,-1,-1;4,0,30,-1,-1;4,6,31,-1,-1
florin	6,33,3,0;6,16,21,0;6,25,29,0;4,29,8,-1,-1;4,25,9,-1,-1
lira	1,25,3;2,1,0;6,6,10,0;6,13,17,0;4,1,0,1,-1;4,10,8,-1,0;4,17,15,-1,0;4,25,32,1,-1;4,17,37,-1,-1;4,13,39,-1,-1;4,10,43,-1,-1;4,6,45,-1,-1
naira	1,38,3;2,28,0;6,5,4,0;6,0,41,0;4,38,42,-1,-1;4,28,24,-1,-1;14,7,42,24,-1;4,4,9,-1,-1;4,0,11,-1,-1;4,41,15,-1,-1;14,18,38,28,-1;4,0,19,-1,-1;4,4,20,-1,-1;4,5,22,-1,-1;4,5,26,-1,-1;4,5,30,-1,-1;4,4,32,-1,0;4,0,34,-1,-1;4,41,36,-1,0;4,41,44,-1,-1
peseta	1,26,3;2,21,0;6,5,19,0;4,26,6,0,-1;14,4,5,6,0;4,4,7,0,-1;4,4,13,-1,-1;4,4,22,-1,-1;4,7,25,-1,-1;4,7,32,-1,-1
won	1,28,3;2,22,0;6,24,27,0;4,24,6,-1,-1;4,6,20,-1,-1;4,20,0,-1,-1;4,22,18,-1,-1;4,28,36,-1,-1;14,3,18,36,-1;14,9,28,22,-1;4,27,31,-1,-1;4,31,13,-1,-1;14,15,22,28,-1;4,0,16,-1,-1;14,33,36,18,-1;4,13,35,-1,-1;4,35,39,-1,-1
dong	2,3,0;6,42,39,-2;4,3,1,-2,-1;4,39,34,-1,-1;4,34,7,-2,-1;4,1,26,-1,-1;4,26,13,-2,-1;4,39,19,-1,-1;4,42,45,-1,-1
peso	1,47,3;2,38,0;4,47,14,0,-1;4,14,46,-1,-1;4,46,43,-1,-1;4,43,7,-1,-1;4,43,42,-1,-1;4,42,8,-1,-1;4,42,39,-1,-1;4,39,12,-1,-1;4,39,13,-2,-1;4,46,15,-1,-1;4,7,20,-1,-1;4,8,28,-1,-1;4,12,29,-1,-1;4,13,36,-2,-1;4,15,52,-1,-1
guarani	1,15,3;2,5,0;4,5,2,-1,-1;4,5,3,-2,-1;4,15,17,-2,-1;4,15,18,-1,-1;4,15,25,0,-1;4,5,31,0,-1;14,35,15,5,0;4,35,38,0,-1
hryvnia	1,50,3;2,21,0;6,33,30,-2;4,30,4,-1,-1;4,30,26,-1,-1;4,26,5,-1,-1;4,21,12,0,-1;4,33,37,-1,-1;4,50,43,0,-1;4,37,57,-1,-1;4,33,58,-1,-1
cedi	1,23,3;2,13,0;4,23,0,0,-1;4,13,6,0,-1;4,13,10,-1,-1;4,23,26,-1,-1;4,0,33,-1,-1;4,6,34,-1,-1
rupeeindian	1,28,3;2,12,0;4,28,26,0,-1;4,26,1,-1,-1;4,26,23,-2,-1;4,23,4,-1,-1;4,23,19,-2,-1;4,19,7,-1,-1;4,19,16,-2,-1;4,16,13,0,-1;14,10,16,13,-1
liraturkish	1,8,3;2,34,0;6,3,4,-2;4,3,0,-1,-1;4,4,7,-2,-1;4,7,10,-1,-1;4,4,13,-1,-1;4,3,14,-1,-1;4,0,17,-1,-1;4,34,18,1,-1
tugrik	1,21,3;2,10,0;6,14,15,-1;4,15,18,-2,-1;4,18,1,-1,-1;4,15,4,-1,-1;4,14,5,-1,-1;4,14,11,-2,-1;4,11,8,-1,-1;4,21,20,0,-1;4,20,23,-1,-1
tenge	1,9,3;2,8,0;4,9,11,-1,-1;4,11,3,-1,-1;4,3,5,-1,-1;4,5,1,-1,-1
ruble	1,24,3;2,15,0;14,9,24,15,2;4,9,0,-1,-1;4,24,7,0,-1;4,9,10,-1,-1;4,10,13,-1,-1;4,13,16,-1,-1;4,10,19,-1,-1;4,9,20,-1,-1;4,0,23,-1,-1
asciitilde	6,5,11,-2;4,5,16,-1,0;4,16,0,-2,-1;4,5,7,-2,-1;4,16,18,-2,-1
infinity	6,0,50,1;6,56,28,0;6,44,19,1;6,9,38,0;14,4,28,9,-1;14,24,19,0,-1;14,41,24,3,-1;14,58,3,24,-1
gravecmb	1,3,2;4,3,1,-2,-1
gravecmb.cap	1,3,5;4,3,1,-2,-1
variacmb	8,3,2;4,3,1,-2,-1
acutecmb	1,3,2;4,3,1,-2,-1
acutecmb.cap	1,3,5;4,3,1,-2,-1
tonoscmb	8,2,0;4,2,0,-2,-1
circumflexcmb	1,6,2;4,6,0,-2,-1;4,6,3,-1,-1;14,5,0,6,-1
circumflexcmb.cap	1,6,5;4,6,0,-2,-1;4,6,3,-1,-1;14,5,0,6,-1
tildecmb	1,0,2;4,0,16,-2,-1;4,16,5,-1,-1;4,0,7,-1,-1;4,5,11,-2,-1;4,11,19,-1,-1
tildecmb.cap	1,0,5;4,0,17,-2,-1;4,17,5,-1,-1;4,0,8,-1,-1;4,5,12,-2,-1;4,12,19,-1,-1
macroncmb	8,3,0;4,3,1,-2,-1
macroncmb.cap	1,3,5;4,3,0,-2,-1
brevecmb	1,0,2;4,0,11,-2,-1;4,11,6,-2,-1;4,6,16,-1,-1
brevecmb.cyr	1,0,2;4,0,9,-2,-1;4,9,6,-2,-1;4,6,12,-1,-1
brevecmb.cap	1,0,5;4,0,7,-2,-1;4,7,4,-2,-1;4,4,10,-1,-1
brevecmb.cyrcap	1,0,5;4,0,9,-2,-1;4,9,6,-2,-1;4,6,12,-1,-1
dotaccentcmb	6,0,6,-1
dotaccentcmb.cap	1,0,5;4,0,6,-2,-1
dieresiscmb	6,0,6,-2;4,0,12,-1,-1;4,6,18,-1,-1
dieresiscmb.cap	1,0,5;4,0,6,-2,-1;4,0,12,-1,-1;4,6,18,-1,-1
hoicmb	1,15,2;4,15,0,-2,-1;4,0,6,-2,-1;4,6,7,-2,-1
hoicmb.cap	1,15,5;4,15,0,-2,-1;4,0,6,-2,-1;4,6,7,-2,-1
ringcmb	6,0,12,-2;6,18,6,-2
ringcmb.cap	6,0,12,-2;6,18,6,-2
hungarumlautcmb	8,3,0;4,3,1,-2,-1;4,1,5,-1,-1;4,3,7,-1,-1
hungarumlautcmb.cap	1,2,5;4,2,0,-2,-1;4,0,4,-1,-1;4,2,6,-1,-1
caroncmb	1,7,2;4,7,1,-2,-1;14,2,1,7,-1;4,1,4,-1,-1
caroncmb.cap	1,7,5;4,7,1,-2,-1;14,2,1,7,-1;4,1,4,-1,-1
dblgravecmb	8,3,0;4,3,1,-2,-1;4,1,5,-1,-1;4,3,7,-1,-1
dblgravecmb.cap	1,3,5;4,3,1,-2,-1;4,1,5,-1,-1;4,3,7,-1,-1
breveinvertedcmb	8,17,0;4,17,14,-2,-1;4,14,5,-2,-1;4,17,11,-1,-1
breveinvertedcmb.cap	1,13,5;4,13,10,-2,-1;4,10,3,-2,-1;4,13,7,-1,-1
commaturnedabovecmb	6,10,4,-2
aspercmb	6,9,8,-2
commaabovecmb	6,4,10,-2
horncmb	6,15,0,-1
commabelowcmb	6,6,5,-1;4,5,0,-2,-1;4,0,12,-2,-1
commabelowcmb.alt	6,0,12,-1;4,12,7,-2,-1;4,7,6,-2,-1
cedillacmb	6,9,6,-1;4,6,0,-2,-1;4,0,15,-2,-1
cedillacmb.cap	6,9,6,-1;4,6,0,-2,-1;4,0,15,-2,-1
ogonekcmb	6,0,14,-1
ogonekcmb.cap	6,0,15,-1
breveinverteddoublecmb	6,12,3,-1
dieresisacute	8,3,0;6,4,10,-2;4,3,1,-2,-1;4,4,16,-1,-1;4,10,22,-1,-1
dieresisacute.cap	1,0,5;6,14,12,-1;4,0,6,-2,-1;4,0,16,-1,-1;4,6,22,-1,-1
dieresistonoscmb	8,2,0;6,4,10,-2;4,2,0,-2,-1;4,4,16,-1,-1;4,10,22,-1,-1
dieresisgrave	6,4,10,-2;6,1,3,-2;4,4,16,-1,-1;4,10,22,-1,-1
dieresisgrave.cap	1,4,5;6,0,2,-1;4,4,10,-2,-1;4,4,16,-1,-1;4,10,22,-1,-1
dialytikagravecmb	8,15,0;6,0,6,-2;4,15,13,-2,-1;4,0,16,-1,-1;4,6,22,-1,-1
dieresistilde	6,22,28,-2;4,28,40,-1,-1;4,40,14,-2,-1;4,14,8,-2,-1;4,8,19,-1,-1;4,19,3,-2,-1;4,3,10,-1,-1;4,14,21,-1,-1;4,22,34,-1,-1
dieresismacron	6,0,6,-1;4,6,15,-2,-1;4,15,12,-2,-1;4,0,16,-1,-1;4,6,22,-1,-1
dieresismacron.cap	1,0,5;4,0,6,-2,-1;4,6,15,-2,-1;4,15,12,-2,-1;4,0,16,-1,-1;4,6,22,-1,-1
dieresiscaron	6,8,14,-2;4,14,5,-2,-1;4,5,7,-2,-1;14,0,7,5,-1;4,7,2,-1,-1;4,8,20,-1,-1;4,14,26,-1,-1
dieresiscaron.cap	1,8,5;4,8,14,-2,-1;4,14,7,-2,-1;4,7,1,-2,-1;14,2,1,7,-1;4,1,4,-1,-1;4,8,20,-1,-1;4,14,26,-1,-1
circumflexacute	6,10,8,-2;6,1,6,-1;4,6,0,-2,-1;4,0,3,-1,-1
circumflexacute.cap	1,7,5;4,7,6,-2,-1;4,6,1,-2,-1;4,7,4,-1,-1;4,4,11,-2,-1;4,11,9,-2,-1
circumflexgrave	6,8,10,-1;6,1,6,-1;4,6,0,-2,-1;4,0,3,-1,-1
circumflexgrave.cap	1,7,5;4,7,6,-2,-1;4,6,1,-2,-1;4,7,4,-1,-1;4,7,8,-2,-1;4,8,10,-2,-1
circumflexhoi	6,1,6,-1;4,6,0,-2,-1;4,0,3,-1,-1;4,3,23,-2,-1;4,23,8,-2,-1;4,8,14,-2,-1;4,14,15,-2,-1
circumflexhoi.cap	1,7,5;4,7,6,-2,-1;4,6,1,-2,-1;4,7,4,-1,-1;4,4,21,-2,-1;4,21,8,-2,-1;4,8,14,-2,-1;4,14,15,-2,-1
circumflextilde	6,1,6,-1;4,6,0,-2,-1;4,0,3,-1,-1;4,1,22,-2,-1;4,22,16,-2,-1;4,16,27,-1,-1;4,27,11,-2,-1;4,11,18,-1,-1;4,22,29,-1,-1
circumflextilde.cap	1,7,5;4,7,6,-2,-1;4,6,1,-2,-1;4,7,4,-1,-1;4,1,22,-2,-1;4,22,16,-2,-1;4,16,27,-1,-1;4,27,11,-2,-1;4,11,18,-1,-1;4,22,29,-1,-1
breveacute	6,4,15,-1;4,15,3,-2,-1;4,3,1,-2,-1;4,15,9,-2,-1;4,9,21,-1,-1
breveacute.cap	1,4,5;4,4,11,-2,-1;4,11,2,-2,-1;4,2,0,-2,-1;4,11,8,-2,-1;4,8,14,-1,-1
brevegrave	6,4,15,-1;4,15,3,-2,-1;4,3,1,-2,-1;4,15,9,-2,-1;4,9,21,-1,-1
brevegrave.cap	1,4,5;4,4,11,-2,-1;4,11,0,-2,-1;4,0,2,-2,-1;4,11,8,-2,-1;4,8,14,-1,-1
brevehoi	6,16,27,-1;4,27,15,-2,-1;4,15,0,-2,-1;4,0,6,-2,-1;4,6,7,-2,-1;4,27,21,-2,-1;4,21,33,-1,-1
brevehoi.cap	1,14,5;4,14,21,-2,-1;4,21,13,-2,-1;4,13,0,-2,-1;4,0,6,-2,-1;4,6,7,-2,-1;4,21,18,-2,-1;4,18,24,-1,-1
brevetilde	6,0,9,-1;4,9,5,-2,-1;4,5,13,-1,-1;4,13,32,-2,-1;4,32,26,-2,-1;4,26,37,-1,-1;4,37,21,-2,-1;4,21,28,-1,-1;4,32,39,-1,-1
brevetilde.cap	8,0,0;4,0,7,-2,-1;4,7,4,-2,-1;4,4,10,-1,-1;4,10,28,-2,-1;4,28,22,-2,-1;4,22,33,-1,-1;4,33,17,-2,-1;4,17,24,-1,-1;4,28,35,-1,-1
circumflexbreve	6,1,6,-1;4,6,0,-2,-1;4,0,3,-1,-1;4,1,8,-2,-1;4,8,17,-2,-1;4,17,13,-2,-1;4,13,21,-1,-1
circumflexbreve.cap	1,7,5;4,7,6,-2,-1;4,6,1,-2,-1;4,7,4,-1,-1;4,1,8,-2,-1;4,8,15,-2,-1;4,15,12,-2,-1;4,12,18,-1,-1
macronacute	6,7,4,-1;4,4,3,-2,-1;4,3,1,-2,-1
macronacute.cap	1,7,5;4,7,4,-2,-1;4,4,3,-2,-1;4,3,1,-2,-1
asperacutecmb	8,17,0;1,0,2;4,0,14,-2,-1;4,14,9,-2,-1;4,9,8,-2,-1;4,17,15,-2,-1
aspergravecmb	8,18,0;1,0,2;4,0,14,-2,-1;4,14,9,-2,-1;4,9,8,-2,-1;4,18,16,-2,-1
aspertildecmb	8,0,0;4,0,15,-2,-1;4,15,9,-2,-1;4,9,8,-2,-1;4,8,30,-2,-1;4,30,24,-2,-1;4,24,35,-1,-1;4,35,19,-2,-1;4,19,26,-1,-1;4,30,37,-1,-1
lenisacutecmb	8,17,0;1,14,2;4,14,0,-2,-1;4,0,5,-2,-1;4,5,6,-2,-1;4,17,15,-2,-1
lenisgravecmb	8,18,0;1,14,2;4,14,0,-2,-1;4,0,5,-2,-1;4,5,6,-2,-1;4,18,16,-2,-1
lenistildecmb	8,37,0;4,37,22,-2,-1;4,22,28,-2,-1;4,28,29,-2,-1;4,29,14,-2,-1;4,14,8,-2,-1;4,8,19,-1,-1;4,19,3,-2,-1;4,3,10,-1,-1;4,14,21,-1,-1
