# Glyph name	TT hints
A	1,(282,652),4;2,(89,0),0;2,(368,0),0;14,(339,547),(89,0),(282,652),-1;14,(166,164),(89,0),(282,652),0;4,(166,164),(215,267),0,-1
B	1,(159,652),4;2,(28,0),0;14,(309,292),(159,652),(28,0),0;14,(434,336),(309,292),(308,385),-1;4,(159,652),(275,547),1,-1;4,(309,292),(243,385),0,-1;4,(28,0),(186,105),1,-1
C	1,(403,664),4;2,(304,-12),0;4,(403,664),(396,545),1,-1;4,(304,-12),(333,106),1,-1
D	1,(159,652),4;2,(28,0),0;4,(28,0),(229,110),1,-1;4,(159,652),(299,542),1,-1
E	1,(159,652),4;2,(28,0),0;4,(159,652),(272,537),1,-1;14,(222,280),(159,652),(28,0),0;4,(222,280),(457,395),0,-1;4,(28,0),(188,115),1,-1
F	1,(159,652),4;2,(28,0),0;4,(159,652),(272,537),1,-1;14,(218,262),(159,652),(28,0),0;4,(218,262),(453,377),0,-1
G	1,(413,664),4;2,(314,-12),0;4,(413,664),(406,545),1,-1;4,(314,-12),(338,105),1,-1;14,(578,367),(413,664),(314,-12),0;4,(578,367),(330,255),0,-1
H	1,(159,652),4;2,(28,0),0;14,(220,279),(159,652),(28,0),0;4,(220,279),(467,399),0,-1;4,(159,652),(517,652),-1,-1;4,(28,0),(386,0),-1,-1
I	1,(159,652),4;2,(28,0),0
J	1,(361,652),4;2,(176,-12),0;4,(176,-12),(176,106),1,-1
K	1,(159,652),4;2,(28,0),0;2,(407,0),0;14,(243,384),(159,652),(28,0),-1;4,(159,652),(491,652),-1,-1;14,(404,384),(491,652),(407,0),-1;14,(303,298),(491,652),(407,0),-1
L	1,(159,652),4;2,(28,0),0;4,(28,0),(188,115),1,-1
M	1,(159,652),4;2,(28,0),0;4,(159,652),(596,652),-1,-1;4,(28,0),(483,0),-1,-1;14,(368,234),(596,652),(483,0),-1;14,(596,477),(483,0),(596,652),-1;14,(304,60),(28,0),(159,652),-1;14,(232,477),(159,652),(28,0),-1
N	1,(159,652),4;2,(28,0),0;4,(28,0),(382,0),-1,-1;4,(159,652),(514,652),-1,-1;14,(437,169),(382,0),(514,652),-1;14,(238,484),(159,652),(28,0),-1
O	1,(388,664),4;2,(302,-12),0;4,(302,-12),(309,106),1,-1;4,(388,664),(382,545),1,-1
P	1,(159,652),4;2,(28,0),0;14,(210,226),(159,652),(28,0),0;4,(210,226),(302,335),0,-1;4,(159,652),(273,543),1,-1
Q	1,(388,664),4;2,(210,3),0;4,(388,664),(382,545),1,-1;4,(210,3),(309,106),1,-1;4,(210,3),(491,-66),-2,-1;4,(491,-66),(483,-176),1,-1;4,(210,3),(355,-7),-1,-1
R	1,(159,652),4;2,(28,0),0;14,(304,348),(159,652),(28,0),0;4,(159,652),(342,543),1,-1;14,(420,258),(304,348),(293,239),-1;4,(28,0),(377,0),-1,-1;4,(304,348),(213,239),0,-1
S	1,(336,664),4;2,(238,-12),0;4,(238,-12),(248,105),1,-1;14,(266,261),(336,664),(238,-12),-1;4,(336,664),(330,545),1,-1;14,(329,394),(238,-12),(336,664),-1
T	1,(106,652),4;2,(149,0),0;4,(106,652),(255,536),1,-1;4,(255,536),(392,536),-1,-1
U	1,(155,652),4;2,(308,-12),0;4,(308,-12),(312,106),1,-1;4,(155,652),(515,652),-1,-1
V	1,(79,652),4;2,(134,0),0;14,(246,122),(79,652),(134,0),-1;4,(79,652),(486,652),-1,-1
W	1,(100,652),4;2,(77,0),0;14,(199,130),(100,652),(77,0),-1;4,(100,652),(422,652),-1,-1;4,(422,652),(720,652),-1,-1;4,(77,0),(425,0),-1,-1;14,(533,130),(720,652),(425,0),-1;14,(434,464),(77,0),(422,652),-1
X	1,(105,652),4;2,(-36,0),0;2,(332,0),0;14,(313,419),(105,652),(-36,0),-1;4,(105,652),(458,652),-1,-1;14,(269,247),(332,0),(458,652),-1
Y	1,(80,652),4;2,(138,0),0;14,(275,352),(80,652),(138,0),-1;4,(80,652),(450,652),-1,-1
Z	1,(135,652),4;2,(445,0),0;4,(445,0),(186,115),1,-1;4,(186,115),(13,82),-1,-1;4,(135,652),(369,537),1,-1;4,(369,537),(539,569),-1,-1
a	1,(296,508),0;2,(171,-12),0;14,(406,443),(296,508),(171,-12),-1;4,(296,508),(537,496),-1,0;4,(171,-12),(438,0),-1,0;14,(329,65),(171,-12),(296,508),-1;4,(171,-12),(231,100),0,-1;4,(329,65),(337,173),1,-1;4,(406,443),(372,349),0,-1;4,(296,508),(306,396),0,-1
b	1,(155,701),5;1,(380,508),0;2,(256,-12),0;4,(256,-12),(14,0),-1,0;14,(234,449),(380,508),(256,-12),-1;14,(149,53),(256,-12),(380,508),-1;4,(380,508),(321,396),0,-1;4,(234,449),(219,334),0,-1;4,(149,53),(181,147),0,-1;4,(256,-12),(246,100),0,-1
c	1,(321,508),0;2,(223,-12),0;4,(321,508),(312,398),0,-1;4,(223,-12),(253,98),0,-1
d	1,(442,701),5;1,(296,508),0;2,(171,-12),0;4,(171,-12),(438,0),-1,0;14,(329,65),(171,-12),(296,508),-1;14,(400,448),(296,508),(171,-12),-1;4,(171,-12),(231,100),0,-1;4,(329,65),(337,173),1,-1;4,(400,448),(372,349),0,-1;4,(296,508),(306,396),0,-1
e	1,(305,508),0;2,(232,-12),0;14,(159,209),(305,508),(232,-12),0;4,(232,-12),(270,91),0,-1;4,(159,209),(350,293),0,-1;4,(305,508),(288,403),0,-1
f	1,(335,713),5;1,(137,496),0;2,(36,0),0;4,(335,713),(349,604),0,-1;4,(137,496),(359,496),-1,-1;4,(137,496),(115,389),0,-1;4,(115,389),(338,389),-1,-1
g	1,(290,508),0;2,(171,-213),1;4,(171,-213),(175,-104),0,-1;4,(175,-104),(176,16),-2,-1;14,(328,88),(176,16),(290,508),-1;14,(399,443),(290,508),(176,16),-1;4,(290,508),(531,496),-1,0;4,(176,16),(229,127),0,-1;4,(328,88),(334,192),0,-1;4,(399,443),(365,349),0,-1;4,(290,508),(300,396),0,-1
h	1,(155,701),5;1,(392,508),0;2,(440,0),0;2,(151,0),0;14,(236,438),(440,0),(155,701),-1;4,(392,508),(319,391),0,-1;4,(236,438),(215,327),0,-1
i	1,(114,496),0;2,(14,0),0;4,(114,496),(208,570),-1,0;4,(208,570),(219,717),-1,-1
j	1,(115,496),0;2,(-35,-196),1;4,(-35,-196),(-46,-88),0,-1;4,(115,496),(210,570),-1,0;4,(210,570),(221,717),-1,-1
k	1,(401,496),0;1,(155,701),5;2,(14,0),0;2,(331,0),0;14,(210,295),(155,701),(14,0),-1;14,(350,279),(401,496),(331,0),-1;14,(256,200),(155,701),(331,0),-1
l	1,(155,701),5;2,(137,-12),0;4,(137,-12),(196,98),0,-1
m	1,(385,508),0;2,(151,0),0;4,(385,508),(112,496),-1,0;4,(151,0),(432,0),-1,-1;14,(221,430),(385,508),(432,0),-1;4,(385,508),(668,508),-1,-1;14,(500,421),(668,508),(578,0),-1;4,(432,0),(715,0),-1,-1;4,(385,508),(314,391),0,-1;4,(314,391),(595,391),-1,-1;4,(500,421),(498,327),0,-1;4,(221,430),(215,327),0,-1
n	1,(392,508),0;2,(151,0),0;4,(392,508),(112,496),-1,0;4,(151,0),(440,0),-1,-1;14,(225,430),(440,0),(392,508),-1;4,(392,508),(319,391),0,-1;4,(225,430),(215,327),0,-1
o	1,(308,508),0;2,(222,-12),0;4,(222,-12),(237,98),0,-1;4,(308,508),(292,398),0,-1
p	1,(380,508),0;2,(-23,-184),1;2,(256,-12),0;4,(380,508),(114,496),-1,0;14,(226,439),(380,508),(256,-12),-1;14,(155,47),(256,-12),(380,508),-1;4,(380,508),(321,396),0,-1;4,(226,439),(219,334),0,-1;4,(155,47),(181,146),0,-1;4,(256,-12),(246,100),0,-1
q	1,(296,508),0;2,(264,-184),1;2,(171,-12),0;14,(329,65),(171,-12),(296,508),-1;14,(406,443),(296,508),(171,-12),-1;4,(296,508),(537,496),-1,0;4,(171,-12),(231,100),0,-1;4,(329,65),(337,173),0,-1;4,(406,443),(372,349),0,-1;4,(296,508),(306,396),0,-1
r	1,(373,508),0;2,(14,0),0;4,(373,508),(112,496),-1,0;14,(217,400),(373,508),(14,0),-1;4,(373,508),(331,388),-2,-1;4,(217,400),(207,287),1,-1
s	1,(254,508),0;2,(170,-12),0;4,(170,-12),(178,88),0,-1;14,(162,209),(254,508),(170,-12),-1;4,(254,508),(254,406),0,-1;4,(162,209),(272,290),0,-1
t	1,(140,496),0;2,(203,-12),0;4,(140,496),(113,389),0,-1;4,(140,496),(385,496),-1,-1;4,(113,389),(364,389),-1,-1;4,(203,-12),(254,95),0,-1
u	1,(245,496),0;2,(156,-12),0;4,(156,-12),(431,0),-1,0;14,(322,67),(245,496),(156,-12),-1;4,(156,-12),(229,105),0,-1;4,(322,67),(328,169),0,-1;4,(245,496),(529,496),-1,-1
v	1,(60,496),0;1,(400,496),0;2,(123,0),0;14,(219,102),(60,496),(123,0),-1
w	1,(72,496),0;2,(96,0),0;14,(202,110),(72,496),(96,0),-1;4,(72,496),(364,496),-1,-1;4,(364,496),(640,496),-1,-1;4,(96,0),(394,0),-1,-1;14,(491,110),(640,496),(394,0),-1;14,(388,353),(96,0),(72,496),-1
x	1,(84,496),0;2,(-40,0),0;4,(84,496),(382,496),-1,-1;4,(-40,0),(286,0),-1,-1;14,(276,326),(382,496),(286,0),-1;14,(223,174),(84,496),(-40,0),-1;14,(170,265),(276,326),(223,174),-1;14,(334,234),(223,174),(276,326),-1
y	1,(200,496),0;2,(36,-194),1;4,(36,-194),(44,-86),0,-1;14,(232,123),(200,496),(36,-194),-1;4,(232,123),(150,11),0,-1;4,(200,496),(539,496),-1,-1
z	1,(109,496),0;2,(369,0),0;4,(369,0),(182,107),0,-1;4,(182,107),(5,77),-1,-1;4,(109,496),(268,389),0,-1;4,(268,389),(445,417),-1,-1
Aogonek	1,(282,652),4;2,(-62,0),0;6,(391,-222),(441,-133),-1;14,(355,267),(282,652),(-62,0),0;4,(-62,0),(368,0),-1,-1;4,(368,0),(511,0),-1,-1;14,(339,547),(282,652),(511,0),-1;4,(355,267),(166,164),0,-1
AE	1,(387,652),4;2,(-35,0),0;14,(401,262),(387,652),(-35,0),-1;14,(277,262),(387,652),(-35,0),0;4,(-35,0),(349,0),-1,-1;14,(746,280),(387,652),(349,0),0;4,(746,280),(565,395),0,-1;4,(349,0),(759,115),1,-1;4,(277,262),(213,155),0,-1;4,(387,652),(834,537),1,-1
Eogonek	1,(159,652),4;2,(28,0),0;6,(309,-222),(359,-133),-1;4,(159,652),(523,537),1,-1;14,(435,280),(159,652),(28,0),0;4,(435,280),(244,395),0,-1;4,(28,0),(447,115),1,-1;4,(28,0),(425,0),-1,-1
Hbar	1,(161,652),4;2,(30,0),0;4,(161,652),(519,652),-1,-1;4,(519,652),(278,557),-2,-1;4,(278,557),(487,489),0,-1;4,(487,489),(246,399),-2,-1;4,(487,489),(719,489),-1,-1;4,(30,0),(388,0),-1,-1;4,(246,399),(445,279),0,-1;4,(487,489),(128,489),-1,-1;4,(278,557),(142,556),-1,-1;4,(278,557),(732,557),-1,-1
Iogonek	1,(159,652),4;2,(28,0),0;6,(57,-222),(107,-133),-1;4,(28,0),(166,0),-1,-1
Lslash	1,(159,652),4;2,(413,0),0;4,(413,0),(435,115),1,-1;14,(69,205),(413,0),(159,652),-1;4,(69,205),(15,178),-2,-1;4,(69,205),(92,320),-2,-1;14,(244,391),(413,0),(159,652),-1;4,(244,391),(397,468),-2,-1;4,(244,391),(221,277),-2,-1
Oslash	1,(388,664),4;2,(302,-12),0;14,(137,48),(302,-12),(388,664),-1;4,(137,48),(230,144),-2,-1;4,(302,-12),(309,106),0,-1;14,(557,601),(388,664),(302,-12),-1;4,(557,601),(605,532),-2,-1;4,(605,532),(491,415),-2,-1;4,(557,601),(463,504),-2,-1;4,(388,664),(382,545),0,-1;4,(137,48),(87,116),-2,-1;4,(87,116),(199,232),-2,-1
OE	1,(416,652),4;2,(345,0),0;4,(416,652),(829,537),1,-1;14,(741,280),(416,652),(345,0),0;4,(741,280),(563,395),0,-1;4,(345,0),(754,115),1,-1;4,(829,537),(419,542),-1,-1;4,(754,115),(349,110),-1,-1
Ohorn	1,(388,664),4;2,(302,-12),0;4,(302,-12),(309,106),0,-1;4,(388,664),(382,545),0,-1;4,(388,664),(682,805),-2,-1;14,(570,587),(388,664),(382,545),-1
Oogonek	1,(388,664),4;2,(261,-9),0;6,(268,-222),(318,-133),-1;4,(261,-9),(377,-4),-1,-1;4,(261,-9),(309,106),0,-1;4,(388,664),(382,545),0,-1
Germandbls	1,(397,672),4;2,(420,-12),0;4,(420,-12),(410,98),0,-1;14,(357,286),(397,672),(420,-12),-1;4,(357,286),(364,366),0,-1;4,(397,672),(388,562),0,-1;4,(420,-12),(28,0),-1,0;14,(497,354),(357,286),(364,366),-1
Uogonek	1,(155,652),4;2,(248,-7),0;6,(254,-222),(304,-133),-1;4,(248,-7),(367,-6),-1,-1;4,(155,652),(515,652),-1,-1
Uhorn	1,(155,652),4;2,(308,-12),0;4,(155,652),(515,652),-1,-1;4,(515,652),(766,808),-2,-1;4,(308,-12),(312,106),0,-1
Eth	1,(177,652),4;2,(46,0),0;4,(46,0),(247,110),1,-1;4,(177,652),(317,542),1,-1;14,(368,307),(177,652),(46,0),-1;4,(368,307),(258,374),0,-1;4,(368,307),(108,307),-1,-1;4,(258,374),(121,374),-1,-1
Thorn	1,(159,660),4;2,(28,0),0;6,(275,556),(253,447),1;6,(190,130),(212,239),1
Schwa	1,(403,672),4;2,(300,-12),0;4,(300,-12),(310,105),0,-1;14,(490,273),(403,672),(300,-12),0;4,(490,273),(87,373),0,-1;4,(403,672),(386,555),0,-1
aogonek	1,(296,508),0;2,(171,-12),0;6,(319,-210),(367,-128),-1;4,(171,-12),(438,0),-1,0;4,(438,0),(327,2),-1,-1;14,(329,65),(171,-12),(296,508),-1;14,(406,443),(296,508),(171,-12),-1;4,(296,508),(537,496),-1,0;4,(171,-12),(231,100),0,-1;4,(329,65),(337,173),0,-1;4,(406,443),(372,349),0,-1;4,(296,508),(306,396),0,-1
ae	1,(294,508),0;1,(563,508),0;2,(155,-12),0;2,(500,-12),0;14,(326,310),(294,508),(155,-12),0;4,(294,508),(260,401),0,-1;14,(416,441),(500,-12),(563,508),-1;14,(700,209),(500,-12),(563,508),0;4,(500,-12),(530,91),0,-1;14,(343,69),(294,508),(155,-12),-1;4,(563,508),(546,403),0,-1;4,(700,209),(439,293),0,-1;4,(326,310),(308,227),0,-1;4,(155,-12),(210,93),0,-1
dcroat	1,(442,701),5;2,(171,-12),0;4,(442,701),(564,625),-2,-1;4,(564,625),(415,558),0,-1;4,(415,558),(296,488),-2,-1;14,(396,428),(296,488),(171,-12),-1;4,(396,428),(368,329),0,-1;4,(296,488),(305,376),0,-1;4,(171,-12),(231,100),0,-1;14,(329,65),(171,-12),(296,488),-1;4,(329,65),(337,173),1,-1;4,(415,558),(550,558),-1,-1;4,(564,625),(284,625),-1,-1
eogonek	1,(305,508),0;2,(234,-12),0;6,(255,-210),(303,-128),-1;14,(441,209),(305,508),(234,-12),0;4,(234,-12),(270,91),0,-1;4,(305,508),(288,403),0,-1;4,(441,209),(170,293),0,-1
hbar	1,(155,701),5;2,(14,0),0;4,(155,701),(140,625),-2,-1;4,(140,625),(126,558),0,-1;4,(126,558),(388,488),-2,-1;4,(14,0),(303,0),-1,-1;4,(388,488),(315,371),0,-1;14,(228,418),(388,488),(14,0),-1;4,(228,418),(211,307),0,-1;4,(140,625),(438,625),-1,-1;4,(126,558),(423,558),-1,-1
iogonek	1,(114,496),0;2,(14,0),0;6,(47,-210),(95,-128),-1;4,(14,0),(151,0),-1,-1;4,(114,496),(208,570),-1,-1;4,(208,570),(219,717),-1,-1
iogonek.d	1,(114,496),0;2,(14,0),0;6,(47,-210),(95,-128),-1;4,(14,0),(151,0),-1,-1
dotlessi	1,(114,496),0;2,(151,0),0
kgreenlandic	1,(112,496),0;2,(14,0),0;14,(210,295),(112,496),(14,0),-1;4,(112,496),(401,496),-1,-1;4,(14,0),(331,0),-1,-1;14,(350,279),(112,496),(331,0),-1;14,(256,200),(14,0),(112,496),-1
lslash	1,(165,701),5;2,(147,-12),0;4,(147,-12),(206,98),0,-1;14,(82,288),(165,701),(147,-12),-1;4,(82,288),(33,262),-2,-1;4,(82,288),(104,396),-2,-1;14,(254,464),(147,-12),(165,701),-1;4,(254,464),(308,495),-2,-1;4,(254,464),(232,355),-2,-1
oslash	1,(308,508),0;2,(222,-12),0;14,(97,31),(222,-12),(308,508),-1;4,(97,31),(181,117),-2,-1;4,(222,-12),(232,95),0,-1;14,(436,463),(308,508),(222,-12),-1;4,(436,463),(473,417),-2,-1;4,(473,417),(372,313),-2,-1;4,(436,463),(350,376),-2,-1;4,(308,508),(297,401),0,-1;4,(97,31),(59,76),-2,-1;4,(59,76),(159,179),-2,-1
oe	1,(299,508),0;1,(606,508),0;2,(214,-12),0;2,(534,-12),0;14,(440,413),(534,-12),(606,508),-1;14,(743,209),(606,508),(534,-12),0;4,(534,-12),(572,91),0,-1;14,(392,87),(299,508),(214,-12),-1;4,(214,-12),(237,98),0,-1;4,(299,508),(284,398),0,-1;4,(606,508),(590,403),0,-1;4,(743,209),(483,293),0,-1
ohorn	1,(308,508),0;2,(222,-12),0;4,(222,-12),(237,98),0,-1;4,(308,508),(292,398),0,-1;4,(308,508),(572,673),-2,-1;14,(460,437),(308,508),(292,398),-1
ohorntilde	1,(308,508),0;2,(222,-12),0;4,(308,508),(357,573),-2,-1;4,(357,573),(361,675),-2,-1;4,(361,675),(236,638),-1,-1;4,(357,573),(196,582),-1,-1;4,(236,638),(240,739),-2,-1;4,(240,739),(401,730),-1,-1;4,(222,-12),(237,98),0,-1;4,(308,508),(292,398),0,-1;4,(308,508),(572,673),-2,-1;14,(460,437),(308,508),(292,398),-1
oogonek	1,(308,508),0;2,(182,-7),0;6,(186,-210),(234,-128),-1;4,(182,-7),(291,-3),-1,-1;4,(182,-7),(237,98),0,-1;4,(308,508),(292,398),0,-1
germandbls	1,(359,713),5;2,(374,-12),0;4,(374,-12),(373,90),0,-1;4,(359,713),(354,604),0,-1;4,(374,-12),(14,0),-1,0
uogonek	1,(109,496),0;2,(156,-12),0;6,(312,-210),(360,-128),-1;14,(322,67),(109,496),(156,-12),-1;4,(156,-12),(229,105),0,-1;4,(322,67),(328,169),0,-1;4,(109,496),(392,496),-1,-1;4,(156,-12),(431,0),-1,0
uhorn	1,(109,496),0;2,(156,-12),0;4,(109,496),(392,496),-1,-1;4,(392,496),(624,676),-2,-1;4,(156,-12),(431,0),-1,0;14,(322,67),(109,496),(156,-12),-1;4,(156,-12),(229,105),0,-1;4,(322,67),(328,169),0,-1
eth	1,(254,740),5;2,(223,-12),0;4,(223,-12),(236,98),0,-1;4,(254,740),(271,600),-2,-1;4,(271,600),(318,543),-2,-1;4,(318,543),(173,485),-2,-1;4,(173,485),(263,455),-2,-1;14,(364,401),(263,455),(223,-12),-1;4,(364,401),(365,299),0,-1;4,(263,455),(280,351),0,-1;4,(318,543),(428,587),-2,-1;4,(271,600),(382,644),-2,-1
thorn	1,(155,701),5;1,(380,508),0;2,(-23,-184),1;2,(256,-12),0;14,(234,449),(380,508),(256,-12),-1;14,(153,47),(256,-12),(380,508),-1;4,(256,-12),(246,100),0,-1;4,(380,508),(321,396),0,-1;4,(234,449),(219,334),0,-1;4,(153,47),(181,146),0,-1
dotlessj	1,(115,496),0;2,(-35,-196),1;4,(-35,-196),(-46,-88),0,-1
schwa	1,(272,508),0;2,(184,-12),0;14,(48,286),(272,508),(184,-12),0;4,(272,508),(239,405),0,-1;4,(184,-12),(201,93),0,-1;4,(48,286),(319,202),0,-1
f_f	1,(136,495),0;1,(335,703),5;1,(635,713),5;2,(36,0),0;4,(635,713),(650,604),0,-1;4,(136,495),(437,496),-1,-1;4,(437,496),(659,496),-1,-1;4,(136,495),(115,389),0,-1;4,(115,389),(416,389),-1,-1;4,(416,389),(639,389),-1,-1;4,(36,0),(337,0),-1,-1;4,(335,703),(349,594),0,-1
f_t	1,(136,495),0;1,(335,713),5;2,(485,-12),0;4,(485,-12),(537,95),0,-1;4,(136,495),(115,389),0,-1;4,(115,389),(395,389),-1,-1;4,(485,-12),(36,0),-1,0;4,(335,713),(349,604),0,-1;4,(136,495),(423,496),-1,-1;4,(423,496),(667,496),-1,-1;4,(395,389),(646,389),-1,-1
I.alt	1,(126,652),4;2,(-6,0),0;4,(-6,0),(18,115),0,-1;4,(126,652),(102,537),0,-1;4,(102,537),(377,537),-1,-1;4,(18,115),(295,115),-1,-1
Iogonek.alt	1,(126,652),4;2,(-6,0),0;6,(92,-222),(142,-133),-1;4,(-6,0),(18,115),0,-1;4,(126,652),(102,537),0,-1;4,(102,537),(377,537),-1,-1;4,(18,115),(295,115),-1,-1;4,(-6,0),(271,0),-1,-1
a.alt	1,(294,508),0;2,(146,-12),0;14,(327,310),(294,508),(146,-12),0;4,(294,508),(264,401),0,-1;4,(146,-12),(402,0),-1,0;14,(291,50),(294,508),(146,-12),-1;4,(327,310),(311,227),0,-1;4,(146,-12),(210,93),0,-1;4,(291,50),(292,135),0,-1
aogonek.alt	1,(294,508),0;2,(146,-12),0;6,(283,-210),(331,-128),-1;14,(327,310),(294,508),(146,-12),0;4,(294,508),(264,401),0,-1;4,(146,-12),(402,0),-1,0;4,(402,0),(292,2),-1,-1;4,(327,310),(311,227),0,-1;4,(146,-12),(210,93),0,-1
g.alt	1,(279,508),0;2,(171,-211),1;14,(243,83),(279,508),(171,-211),0;4,(243,83),(202,-18),0,-1;14,(78,29),(243,83),(202,-18),-1;14,(231,157),(279,508),(171,-211),0;4,(231,157),(245,241),0,-1;14,(120,196),(245,241),(231,157),-1;4,(279,508),(530,496),-1,0;4,(279,508),(275,415),0,-1;4,(275,415),(511,394),-1,0;4,(171,-211),(184,-126),0,-1
lslash.alt	1,(165,701),5;2,(161,0),0;14,(254,464),(161,0),(165,701),-1;4,(254,464),(233,356),0,-1;14,(82,288),(161,0),(165,701),-1;4,(82,288),(33,262),-2,-1;4,(82,288),(104,396),0,-1;4,(254,464),(308,495),-2,-1
ampersand	1,(344,664),4;2,(200,-12),0;4,(200,-12),(224,91),0,-1;4,(200,-12),(533,-12),-1,-1;14,(638,367),(533,-12),(344,664),-1;14,(411,198),(638,367),(200,-12),-1;14,(397,50),(200,-12),(638,367),-1;14,(318,117),(411,198),(397,50),-1;14,(209,263),(344,664),(533,-12),-1;14,(268,414),(533,-12),(344,664),-1;4,(344,664),(336,573),0,-1;14,(491,137),(397,50),(411,198),-1;14,(165,360),(268,414),(209,263),-1;14,(307,326),(209,263),(268,414),-1
zero	1,(317,647),3;2,(217,-12),0;4,(217,-12),(226,93),0,-1;4,(317,647),(309,542),0,-1
one	1,(313,635),3;2,(19,0),0;4,(19,0),(41,110),0,-1;4,(313,635),(151,579),-2,-1;4,(151,579),(250,493),0,-1;4,(41,110),(426,110),-1,-1
two	1,(286,647),3;2,(413,0),0;4,(413,0),(220,115),0,-1;4,(220,115),(2,78),-1,-1;4,(286,647),(269,539),0,-1
three	1,(293,647),3;2,(202,-12),0;4,(202,-12),(199,98),0,-1;14,(155,276),(293,647),(202,-12),0;4,(155,276),(174,373),0,-1;4,(293,647),(268,539),0,-1;14,(349,320),(155,276),(174,373),-1
four	1,(328,635),3;2,(240,0),0;14,(291,260),(328,635),(240,0),0;4,(291,260),(271,154),0,-1;4,(291,260),(26,250),-1,-1;4,(291,260),(416,260),-1,-1;4,(271,154),(469,154),-1,-1;14,(347,515),(328,635),(240,0),-1
five	1,(166,635),3;2,(201,-12),0;4,(201,-12),(204,98),0,-1;14,(232,306),(166,635),(201,-12),0;4,(166,635),(485,520),0,-1;4,(232,306),(288,408),0,-1
six	1,(369,647),3;2,(248,-12),0;4,(248,-12),(255,90),0,-1;14,(278,302),(369,647),(248,-12),0;4,(278,302),(314,396),0,-1;14,(189,336),(314,396),(248,-12),-1;4,(189,336),(178,240),0,-1;4,(369,647),(360,537),0,-1
seven	1,(122,635),3;2,(100,0),0;4,(122,635),(368,520),0,-1;4,(368,520),(526,549),-1,-1
eight	1,(325,647),3;2,(233,-12),0;14,(230,291),(325,647),(233,-12),-1;4,(230,291),(322,365),0,-1;14,(174,332),(322,365),(230,291),-1;14,(384,322),(322,365),(230,291),-1;4,(325,647),(315,550),0,-1;4,(233,-12),(243,83),0,-1
nine	1,(288,647),3;2,(168,-12),0;14,(222,239),(288,647),(168,-12),0;4,(222,239),(259,333),-2,-1;14,(347,298),(288,647),(222,239),-1;4,(347,298),(358,395),0,-1;4,(288,647),(281,545),0,-1;4,(168,-12),(176,98),0,-1
zero.pnum	1,(327,647),3;2,(227,-12),0;4,(227,-12),(236,93),0,-1;4,(327,647),(319,542),0,-1
one.pnum	1,(249,635),3;2,(222,0),0;4,(249,635),(87,579),-2,-1;4,(87,579),(185,493),0,-1
two.pnum	1,(286,647),3;2,(403,0),0;4,(403,0),(220,115),0,-1;4,(220,115),(2,78),-1,-1;4,(286,647),(269,539),0,-1
seven.pnum	1,(110,635),3;2,(87,0),0;4,(110,635),(346,520),0,-1;4,(346,520),(504,549),-1,-1
zero.tnum	1,(303,590),2;2,(216,-12),0;4,(216,-12),(228,93),0,-1;4,(303,590),(291,485),0,-1
one.tnum	1,(301,578),2;2,(404,0),0;4,(404,0),(41,110),0,-1;4,(301,578),(139,522),-2,-1;4,(139,522),(237,436),0,-1;4,(41,110),(426,110),-1,-1
two.tnum	1,(268,590),2;2,(413,0),0;4,(413,0),(220,115),0,-1;4,(220,115),(2,78),-1,-1;4,(268,590),(251,482),0,-1
three.tnum	1,(282,590),2;6,(191,-90),(180,20),0;14,(144,211),(282,590),(191,-90),0;4,(144,211),(164,308),0,-1;4,(282,590),(257,482),0,-1;14,(338,255),(144,211),(164,308),-1
four.tnum	8,(229,-78),2;1,(322,578),2;14,(282,189),(322,578),(229,-78),0;14,(341,458),(322,578),(229,-78),-1;4,(282,189),(481,189),-1,-1;4,(282,189),(261,84),0,-1;4,(261,84),(460,84),-1,-1;4,(282,189),(16,179),-1,-1
five.tnum	1,(150,578),2;6,(182,-89),(185,21),0;14,(213,238),(150,578),(182,-89),0;4,(150,578),(470,463),0,-1;4,(213,238),(269,340),0,-1
seven.tnum	1,(108,578),2;4,(108,578),(354,463),0,-1;4,(354,463),(512,492),-1,-1
nine.tnum	1,(282,590),2;6,(153,-89),(162,21),0;14,(208,162),(282,590),(153,-89),0;4,(208,162),(245,256),-2,-1;14,(337,218),(282,590),(208,162),-1;4,(337,218),(351,318),0,-1;4,(282,590),(275,488),0,-1
one.onum	1,(241,578),2;2,(226,0),0;4,(241,578),(79,522),-2,-1;4,(79,522),(177,436),0,-1
two.onum	1,(268,590),2;2,(390,0),0;4,(390,0),(214,115),0,-1;4,(214,115),(2,78),-1,-1;4,(268,590),(251,482),0,-1
seven.onum	1,(100,578),2;4,(100,578),(337,463),0,-1;4,(337,463),(495,492),-1,-1
period	2,(94,-12),0;4,(94,-12),(122,163),-1,-1
comma	2,(102,0),0;4,(102,0),(119,163),-1,-1;4,(102,0),(-13,-187),-2,-1
dollar	1,(287,654),4;2,(156,-5),0;4,(287,654),(310,545),0,-1;4,(156,-5),(246,-10),-1,-1;4,(156,-5),(225,-110),-2,-1;4,(156,-5),(215,98),0,-1;4,(287,654),(397,753),-2,-1;4,(287,654),(376,646),-1,-1
Euro	1,(398,655),4;2,(288,-12),0;6,(88,348),(106,417),0;6,(78,224),(80,293),0;4,(288,-12),(316,98),0,-1;4,(398,655),(384,545),0,-1;4,(106,417),(452,419),-1,-1;4,(88,348),(438,348),-1,-1;4,(80,293),(389,294),-1,-1;4,(78,224),(375,224),-1,-1
tildecmb	1,(190,573),2;4,(190,573),(197,675),0,-1;4,(197,675),(64,638),-1,-1;4,(190,573),(20,582),-1,-1;4,(64,638),(72,739),0,-1;4,(72,739),(241,730),-1,-1
tildecmb.cap	1,(191,692),5;4,(191,692),(204,794),0,-1;4,(204,794),(64,750),-1,-1;4,(191,692),(18,701),-1,-1;4,(64,750),(76,852),0,-1;4,(76,852),(249,843),-1,-1
brevetilde	1,(116,572),2;4,(116,572),(128,645),-2,-1;4,(128,645),(55,697),-2,-1;4,(55,697),(219,697),-1,-1;4,(219,697),(198,714),-2,-1;4,(198,714),(204,795),-2,-1;4,(204,795),(98,756),-1,-1;4,(198,714),(61,718),-1,-1;4,(98,756),(104,837),-2,-1;4,(104,837),(243,832),-1,-1
brevetilde.cap	1,(127,702),5;4,(127,702),(140,773),-2,-1;4,(140,773),(63,826),-2,-1;4,(63,826),(235,826),-1,-1;4,(235,826),(213,847),-2,-1;4,(213,847),(218,927),-2,-1;4,(218,927),(109,891),-1,-1;4,(213,847),(70,852),-1,-1;4,(109,891),(114,971),-2,-1;4,(114,971),(257,966),-1,-1
Bstroke	1,(177,652),4;2,(283,0),0;6,(343,177),(357,244),0;6,(331,312),(326,399),0;4,(177,652),(351,553),0,-1;4,(283,0),(288,97),0,-1;4,(343,177),(82,177),-1,-1;4,(357,244),(25,239),-1,0
