#Glyph name	TT hints
A	1,14,4;2,12,0;2,17,0;14,5,12,14,-1;14,11,12,14,0;4,11,9,0,-1
B	1,0,4;2,17,0;14,33,0,17,0;14,8,33,18,-1;4,0,25,0,-1;4,33,26,0,-1;4,17,35,0,-1
C	1,5,4;2,29,0;4,5,12,0,-1;4,29,22,0,-1
D	1,0,4;2,12,0;4,12,13,0,-1;4,0,23,0,-1
E	1,0,4;2,11,0;4,0,3,0,-1;14,7,0,11,0;4,7,5,0,-1;4,11,8,0,-1
F	1,0,4;2,9,0;4,0,3,0,-1;14,7,0,9,0;4,7,5,0,-1
G	1,5,4;2,35,0;4,5,14,0,-1;4,35,24,0,-1;14,31,5,35,0;4,31,29,0,-1
H	1,0,4;2,11,0;14,9,0,11,0;4,9,3,0,-1;4,0,4,-1,-1;4,11,7,-1,-1
I	1,0,4;2,3,0
J	1,7,4;2,14,0;4,14,3,0,-1
K	1,0,4;1,4,4;2,12,0;2,8,0;14,2,0,12,-1;14,9,4,8,-1
L	1,0,4;2,5,0;4,5,2,0,-1
M	1,0,4;1,6,4;2,25,0;2,9,0;14,3,6,9,-1;14,14,6,9,-1;14,17,25,6,-1;14,20,0,25,-1
N	1,0,4;1,8,4;2,19,0;2,11,0;14,4,11,8,-1;14,14,0,19,-1
O	1,10,4;2,0,0;4,0,20,0,-1;4,10,30,0,-1
P	1,0,4;2,12,0;14,10,0,12,0;4,10,13,0,-1;4,0,22,0,-1
Q	1,36,4;2,26,0;6,23,49,0;4,26,5,0,-1;4,36,15,0,-1;4,26,46,-1,-1
R	1,14,4;2,12,0;2,9,0;6,10,0,0;4,14,6,0,-1;14,23,0,10,-1
S	1,22,4;2,48,0;4,48,3,0,-1;14,11,22,48,-1;4,22,29,0,-1;14,37,48,22,-1
T	1,2,4;2,7,0;4,2,0,0,-1;4,0,5,-1,-1
U	1,0,4;1,13,4;2,20,0;4,20,7,0,-1
V	1,0,4;1,12,4;2,15,0;14,5,0,15,-1
W	1,0,4;1,10,4;1,20,4;2,33,0;2,23,0;14,5,0,33,-1;14,15,20,23,-1;14,28,33,10,-1
X	1,1,4;1,11,4;2,25,0;2,15,0;14,6,1,25,-1;14,19,15,11,-1
Y	1,1,4;1,11,4;2,15,0;14,6,1,15,-1
Z	1,3,4;2,8,0;4,8,6,0,-1;4,6,0,-1,-1;4,3,1,0,-1;4,1,5,-1,-1
a	1,17,0;2,29,0;2,24,0;14,3,17,29,0;4,17,8,0,-1;14,25,24,17,-1;4,29,37,0,-1;4,25,40,0,-1;4,3,41,0,-1
b	1,0,5;1,6,0;2,14,0;2,20,0;14,3,6,14,-1;14,17,14,6,-1;4,17,21,0,-1;4,14,24,0,-1;4,6,34,0,-1;4,3,37,0,-1
c	1,5,0;2,29,0;4,5,12,0,-1;4,29,22,0,-1
d	1,5,0;1,10,5;2,18,0;2,13,0;14,8,18,5,-1;14,14,5,18,-1;4,18,26,0,-1;4,14,29,0,-1;4,8,30,0,-1;4,5,33,0,-1
e	1,5,0;2,24,0;14,11,5,24,0;4,24,17,0,-1;4,5,32,0,-1;4,11,37,0,-1
f	1,7,0;1,20,5;2,11,0;4,20,3,0,-1;4,7,10,0,-1;4,10,13,-1,-1;4,7,16,-1,-1
g	1,37,0;2,69,1;4,69,3,0,-1;14,60,37,69,0;4,60,11,0,-1;4,37,41,-1,0;4,41,42,0,-1;4,60,51,-1,0;4,51,72,0,-1;4,37,82,0,-1
h	1,6,0;1,0,5;2,20,0;14,3,6,20,-1;4,20,11,-1,-1;4,6,15,0,-1;4,3,18,0,-1
i	1,12,0;2,14,0;6,0,6,-2
j	1,0,0;2,5,1;6,16,22,-2;4,5,12,0,-1
k	1,4,0;1,0,5;2,12,0;2,8,0;14,2,0,12,-1;14,9,0,8,-1
l	1,0,5;2,12,0;4,12,5,0,-1
m	1,6,0;1,0,0;2,32,0;2,24,0;2,16,0;14,2,0,32,-1;14,9,0,32,-1;4,6,12,-1,-1;4,12,20,0,-1;4,9,22,0,-1;4,6,28,0,-1;4,2,30,0,-1
n	1,6,0;1,0,0;2,20,0;2,11,0;14,2,0,20,-1;4,6,15,0,-1;4,2,18,0,-1
o	1,5,0;2,15,0;4,15,25,0,-1;4,5,35,0,-1
p	1,9,0;1,3,0;2,2,1;2,17,0;14,5,9,17,-1;14,20,17,9,-1;4,20,21,0,-1;4,17,24,0,-1;4,9,34,0,-1;4,5,37,0,-1
q	1,5,0;1,11,0;2,13,1;2,18,0;14,8,5,18,-1;14,15,18,5,-1;4,18,26,0,-1;4,15,29,0,-1;4,8,30,0,-1;4,5,33,0,-1
r	1,6,0;1,0,0;2,18,0;14,2,0,18,-1;4,6,13,-2,-1;4,2,16,0,-1
s	1,21,0;2,48,0;4,48,3,0,-1;14,11,48,21,-1;4,21,28,0,-1;14,38,21,48,-1
t	1,6,0;2,22,0;4,6,9,0,-1;4,9,0,-1,-1;4,6,3,-1,-1;4,22,15,0,-1
u	1,0,0;1,9,0;2,17,0;2,12,0;4,17,5,0,-1;14,13,9,12,-1;4,13,8,0,-1
v	1,0,0;1,10,0;2,13,0;14,5,0,13,-1
w	1,0,0;1,10,0;1,20,0;2,33,0;2,23,0;14,5,33,0,-1;14,15,23,20,-1;14,28,0,32,-1
x	1,1,0;1,11,0;2,25,0;2,15,0;14,6,11,15,-1;14,20,1,25,-1
y	1,8,0;1,18,0;2,25,1;4,25,3,0,-1;14,13,8,25,-1
z	1,3,0;2,8,0;4,8,6,0,-1;4,6,0,-1,-1;4,3,1,0,-1;4,1,5,-1,-1
Aogonek	1,27,4;2,21,0;2,25,0;2,29,0;6,13,35,-2;14,5,25,27,-1;14,24,25,27,0;4,24,9,0,-1
AE	1,14,4;2,13,0;2,9,0;14,2,14,13,-1;14,10,14,13,0;4,10,6,0,-1;4,9,7,0,-1;4,14,16,0,-1;14,21,14,9,0;4,21,19,0,-1
Eogonek	1,0,4;2,32,0;2,25,1;4,0,2,0,-1;14,6,0,32,0;4,6,4,0,-1;4,32,9,0,-1;4,25,19,-2,-1
Hbar	1,17,4;1,20,4;2,10,0;2,7,0;14,9,10,17,0;4,9,2,0,-1;4,2,1,-2,-1;4,1,5,-1,-1;4,1,12,-1,-1;4,1,18,0,-1;4,18,15,-1,-1;4,18,22,-1,-1
Iogonek	1,0,4;2,21,0;2,2,0;2,14,1;4,14,8,-2,-1
Lslash	1,8,4;2,2,0;14,3,2,8,0;4,3,6,-2,-1;4,6,9,-1,-1;4,3,12,-1,-1;4,2,13,0,-1
Oslash	1,46,4;2,32,0;14,0,32,46,-1;4,32,3,0,-1;14,11,46,32,-1;14,12,46,32,-1;4,46,15,0,-1;14,23,32,46,-1;14,24,46,32,-1;14,35,32,46,-1;14,38,32,46,-1;14,49,46,32,-1
OE	1,5,4;2,16,0;4,5,28,0,-1;4,28,7,-1,-1;14,12,5,16,0;4,12,10,0,-1;4,16,27,0,-1;4,27,14,-1,-1
Ohorn	1,44,4;2,34,0;4,34,0,0,-1;4,44,10,0,-1;14,26,44,10,-1;4,26,46,-2,-1
Oogonek	1,13,4;2,3,0;2,33,1;4,3,21,-1,-1;4,33,27,-2,-1;4,3,36,0,-1;4,13,46,0,-1
Germandbls	1,5,4;2,44,0;2,19,0;14,34,5,19,-1;14,9,34,35,-1;4,19,26,0,-1;4,5,39,0,-1
Uogonek	1,0,4;1,13,4;2,40,0;2,32,1;4,40,7,0,-1;4,40,20,-1,-1;4,32,26,-2,-1
Uhorn	1,20,4;1,33,4;2,14,0;4,33,8,-2,-1;4,14,27,0,-1
Eth	1,33,4;2,28,0;4,28,0,0,-1;4,33,10,0,-1;14,14,33,28,0;4,14,13,0,-1;4,14,30,-1,-1;4,13,31,-1,-1
Thorn	1,0,4;2,14,0;6,12,23,0;6,22,2,0
Schwa	1,14,4;2,24,0;4,24,5,0,-1;14,10,24,14,0;4,10,33,0,-1;4,14,38,0,-1
aogonek	1,29,0;2,58,0;2,35,0;6,47,41,-2;4,58,3,0,-1;14,15,29,58,0;4,15,7,-1,-1;4,29,20,0,-1;4,35,53,-1,-1
ae	1,22,0;1,28,0;2,57,0;2,49,0;4,57,3,0,-1;14,65,57,22,0;4,65,12,0,-1;14,34,28,49,0;4,49,40,0,-1;4,22,70,0,-1;4,28,77,0,-1;4,34,82,0,-1
dcroat	8,31,0;1,40,5;2,23,0;2,18,0;4,31,3,0,-1;4,23,11,0,-1;14,36,18,40,0;4,36,16,-1,-1;4,36,39,0,-1;4,39,42,-1,-1
eogonek	1,5,0;2,46,0;6,35,29,-2;14,11,5,46,0;4,46,17,0,-1;4,5,54,0,-1;4,11,59,0,-1
hbar	1,22,5;2,17,0;4,22,21,-1,0;4,21,18,0,-1;4,18,26,-1,-1;4,26,3,-1,-1;4,17,8,-1,-1;4,3,12,0,-1;4,21,25,-1,-1
iogonek	1,0,0;2,21,0;6,28,22,-2;6,14,8,-2;4,21,2,-1,-1
iogonek.d	1,0,0;2,21,0;6,14,8,-2;4,21,2,-1,-1
dotlessi	1,0,0;2,2,0
kgreenlandic	1,0,0;2,12,0;14,2,0,12,-1;4,0,4,-1,-1;4,12,8,-1,-1;14,6,0,8,-1;14,9,0,12,-1
lslash	1,17,5;2,10,0;14,13,10,17,0;4,13,0,-1,-1;4,10,3,0,-1;4,13,16,-2,-1;4,16,19,-1,-1
oslash	1,41,0;2,28,0;14,0,28,41,-1;4,28,2,0,-1;14,10,41,28,-1;4,41,12,0,-1
oe	1,25,0;2,55,0;4,55,5,0,-1;4,25,15,0,-1;4,25,31,-1,-1;4,55,49,-1,-1;14,36,31,49,0;4,49,42,0,-1;4,31,63,0,-1;4,36,68,0,-1
ohorn	1,45,0;2,35,0;4,35,0,0,-1;4,45,10,0,-1;14,27,45,10,-1;4,27,47,-2,-1
oogonek	1,15,0;2,5,0;6,37,31,-2;4,5,25,-1,-1;4,5,45,0,-1;4,15,55,0,-1
germandbls	1,3,5;2,57,0;2,25,0;14,13,25,3,-1;4,25,32,0,-1;14,37,25,3,-1;14,49,25,3,-1;4,3,52,0,-1
uogonek	1,0,0;2,34,0;2,11,0;6,23,17,-2;4,34,5,0,-1;4,0,9,-1,-1;4,11,29,-1,-1
uhorn	1,19,0;1,29,0;2,15,0;2,10,0;4,29,8,-2,-1;4,15,24,0,-1
eth	1,55,5;2,32,0;6,12,42,0;6,48,51,-2;4,32,0,0,-1;4,48,22,-1,-1;4,51,55,-2,-1;4,51,58,-1,-1
thorn	1,8,0;1,2,5;2,1,1;2,18,0;4,18,26,0,-1;4,8,36,0,-1
dotlessj	1,0,0;2,5,1;4,5,12,0,-1
ascript	1,22,0;2,35,0;4,35,5,0,-1;4,22,12,0,-1;4,22,28,-1,0;4,35,29,-1,0
schwa	1,16,0;2,26,0;14,4,16,26,0;4,16,9,0,-1;4,4,31,0,-1;4,26,34,0,-1
gscript	1,18,0;1,23,0;2,28,1;6,10,32,0;4,28,3,0,-1;4,18,39,0,-1
f_f	1,20,0;1,40,5;2,16,0;4,40,3,0,-1;4,20,36,-1,-1;4,36,8,-1,-1;4,20,17,0,-1;4,17,13,-1,-1;4,13,9,-1,-1;4,16,12,-1,-1;4,20,19,-1,-1;4,40,24,-1,-1;4,24,31,0,-1
f_t	1,16,0;1,20,5;2,12,0;2,3,0;4,16,13,0,-1;4,13,9,-1,-1;4,16,15,-1,0;4,20,26,0,-1;4,16,31,-1,-1;4,31,35,-1,-1;4,9,36,-1,-1;4,3,43,0,-1
I.alt	1,4,4;2,11,0;4,11,1,0,-1;4,4,2,0,-1;4,2,7,-1,-1;4,1,8,-1,-1
Iogonek.alt	1,4,4;2,30,0;2,10,0;6,23,17,-2;4,30,1,0,-1;4,4,2,0,-1;4,2,7,-1,-1;4,1,8,-1,-1
aogonek.alt	1,22,0;2,51,0;2,29,0;6,40,34,-2;4,51,5,0,-1;4,22,12,0,-1;4,29,46,-1,-1
l.alt	1,0,5;2,2,0
lslash.alt	1,8,5;2,3,0;14,4,3,8,0;4,4,1,-1,-1;4,4,7,-2,-1;4,7,10,-2,-1
ampersand	1,55,4;2,37,0;2,32,0;6,34,66,-2;4,37,3,0,-1;14,6,34,66,-1;14,11,37,55,0;4,11,19,-2,-1;4,55,29,0,-1;14,47,11,19,-1;14,63,11,19,-1;14,73,34,66,-1
zero	1,6,3;2,0,0;4,0,12,0,-1;4,6,18,0,-1
one	1,7,3;2,12,0;4,12,1,0,-1;4,7,4,0,-1;4,4,2,0,-1;4,1,9,-1,-1
two	1,15,3;2,28,0;4,28,26,0,-1;4,26,23,-1,-1;4,23,0,-1,-1;4,15,8,0,-1
three	1,31,3;2,50,0;4,50,5,0,-1;14,15,31,50,0;4,15,16,0,-1;4,31,24,0,-1;14,40,16,15,-1
four	1,18,3;2,13,0;6,0,14,0;4,18,4,-2,-1;4,0,9,-1,-1;4,14,11,-1,-1;4,9,16,-1,-1;4,0,19,-1,-1
five	1,18,3;2,35,0;4,35,5,0,-1;14,25,18,35,0;4,25,13,-2,-1;4,18,20,0,-1
six	1,45,3;2,37,0;6,10,29,0;4,37,0,0,-1;4,45,21,0,-1
seven	1,7,3;2,0,0;4,7,5,0,-1;4,5,9,-1,-1
eight	1,52,3;2,73,0;4,73,5,0,-1;14,15,73,52,0;4,15,18,-1,-1;4,52,26,0,-1;4,15,41,-2,-1;4,18,62,-2,-1
nine	1,37,3;2,45,0;6,29,0,0;4,37,8,0,-1;4,45,21,0,-1
zero.pnum	1,6,3;2,0,0;4,0,12,0,-1;4,6,18,0,-1
one.pnum	1,6,3;2,7,0;4,6,2,0,-1;4,2,0,0,-1
two.pnum	1,17,3;2,30,0;4,30,28,0,-1;4,28,25,-1,-1;4,25,0,-1,-1;4,17,10,0,-1
seven.pnum	1,7,3;2,0,0;4,7,5,0,-1;4,5,9,-1,-1
zero.tnum	1,6,2;2,0,0;4,0,12,0,-1;4,6,18,0,-1
one.tnum	1,7,2;2,12,0;4,12,1,0,-1;4,7,4,0,-1;4,4,2,0,-1;4,1,9,-1,-1
two.tnum	1,17,2;2,30,0;4,30,28,0,-1;4,28,25,-1,-1;4,25,0,-1,-1;4,17,10,0,-1
three.tnum	1,31,2;6,50,5,0;6,15,16,0;4,31,24,0,-1;14,40,15,16,-1
four.tnum	1,18,2;6,14,0,0;4,18,4,-2,-1;4,0,9,-1,-1;4,14,11,-1,-1;4,9,16,-1,-1;4,0,19,-1,-1
five.tnum	1,18,2;6,35,5,0;6,13,25,0;4,18,20,0,-1;14,22,13,25,-1
seven.tnum	1,7,2;4,7,5,0,-1;4,5,9,-1,-1
nine.tnum	1,36,2;6,44,20,0;6,28,0,0;4,36,8,0,-1
one.onum	1,5,2;2,7,0;4,5,2,0,-1;4,2,0,0,-1
two.onum	1,17,2;2,30,0;4,30,28,0,-1;4,28,25,-1,-1;4,25,0,-1,-1;4,17,10,0,-1
seven.onum	1,7,2;4,7,5,0,-1;4,5,9,-1,-1
period	2,9,0;4,9,3,-2,-1
comma	2,5,0;4,5,11,-2,-1
copyright	6,65,58,0;6,52,45,0;4,45,35,-2,-1;4,35,5,0,-1;4,65,25,-2,-1;4,25,15,0,-1
registered	8,54,0;8,41,0;4,54,20,-2,-1;4,20,0,0,-1;4,41,30,-2,-1;4,30,10,0,-1;14,52,54,41,0;4,52,56,0,-1;14,49,56,52,-1;4,54,51,-1,-1;4,41,62,0,-1
trademark	8,26,0;8,23,0;4,23,0,-1,-1;4,26,18,-1,-1;14,14,18,0,0;4,14,3,0,-1;4,0,6,-1,-1;4,18,9,-1,-1;4,6,12,0,-1;4,0,16,0,-1;4,23,25,0,-1;4,25,20,-1,-1
servicemark	8,58,0;8,40,0;4,58,0,-1,0;4,0,7,0,-1;4,40,20,-1,0;14,10,0,20,-1;4,20,27,0,-1;14,30,20,0,-1;14,54,58,40,0;4,54,43,0,-1;4,40,46,-1,-1;4,58,49,-1,-1;4,46,52,0,-1;4,40,56,0,-1
at	6,66,60,0;6,15,40,0;6,22,74,0;6,80,32,0;6,50,5,0;14,35,80,32,-1
zero.dnom	8,6,0;2,0,0;4,0,12,0,-1;4,6,18,0,-1
one.dnom	8,6,0;2,8,0;4,6,0,0,-1
two.dnom	8,15,0;2,25,0;4,25,23,0,-1;4,23,0,-1,-1;4,15,8,0,-1
three.dnom	8,23,0;2,39,0;6,9,10,-2;4,39,3,0,-1;4,23,16,0,-1;14,29,9,10,-1
four.dnom	8,14,0;2,9,0;6,10,0,0;4,14,2,0,-1;4,0,5,-1,-1;4,10,7,-1,-1;4,5,12,-1,-1;4,0,15,-1,-1
five.dnom	8,14,0;2,31,0;6,9,21,-2;4,31,3,0,-1;4,14,16,0,-1
six.dnom	8,39,0;2,31,0;6,23,6,0;4,31,0,0,-1;4,39,15,0,-1
seven.dnom	8,7,0;2,0,0;4,7,5,0,-1;4,5,9,-1,-1
eight.dnom	8,36,0;2,53,0;4,53,3,0,-1;14,13,53,36,0;4,13,15,-1,-1;4,36,20,0,-1;4,13,29,-2,-1;4,15,44,-2,-1
nine.dnom	8,30,0;2,38,0;6,0,22,0;4,30,6,0,-1;4,38,15,0,-1
a.sups	8,0,0;8,18,0;6,31,6,0;4,18,11,0,-1;4,0,23,-1,-1;4,0,28,0,-1;14,25,0,28,-1
b.sups	8,6,0;8,14,0;8,1,0;4,6,30,0,-1;14,3,30,6,-1;4,14,24,0,-1;14,18,14,24,-1;4,14,19,-1,-1
c.sups	8,10,0;8,0,0;4,10,17,0,-1;4,0,23,0,-1
d.sups	8,0,0;8,8,0;8,13,0;4,8,28,0,-1;14,11,28,8,-1;4,0,16,-1,-1;4,0,21,0,-1;14,18,0,21,-1
e.sups	8,10,0;8,0,0;6,29,18,0;4,0,22,0,-1;4,10,34,0,-1
f.sups	8,20,0;8,11,0;8,7,0;4,20,3,0,-1;4,7,10,0,-1;4,10,13,-1,-1;4,7,16,-1,-1
g.sups	8,33,0;8,65,0;6,9,57,0;6,47,68,0;4,65,3,0,-1;14,18,9,57,-1;4,33,74,0,-1
h.sups	8,6,0;8,19,0;8,11,0;8,1,0;4,6,15,0,-1
i.sups	8,14,0;8,13,0;6,0,6,0
j.sups	8,0,0;8,12,0;6,16,22,0;4,0,7,0,-1
k.sups	8,11,0;8,8,0;8,4,0;8,1,0;14,2,11,1,-1;14,9,11,1,-1
l.sups	8,11,0;8,1,0;4,11,4,0,-1
m.sups	8,33,0;8,24,0;8,15,0;8,6,0;4,6,1,-1,-1;4,6,11,-1,-1;4,6,29,0,-1;4,29,20,-1,-1
n.sups	8,6,0;8,21,0;8,11,0;4,6,1,-1,-1;4,6,17,0,-1
o.sups	8,10,0;8,0,0;4,0,20,0,-1;4,10,26,0,-1
p.sups	8,6,0;8,14,0;8,19,0;4,6,1,-1,-1;4,14,24,0,-1;4,6,30,0,-1
q.sups	8,12,0;8,4,0;8,19,0;4,12,16,-1,-1;4,4,20,0,-1;4,12,26,0,-1
r.sups	8,6,0;8,16,0;4,6,1,-1,-1;4,6,12,0,-1
s.sups	8,19,0;8,42,0;4,42,3,0,-1;14,6,42,19,-1;4,19,26,0,-1;14,29,19,42,-1
t.sups	8,19,0;8,6,0;4,6,9,0,-1;4,9,0,-1,-1;4,6,3,-1,-1;4,19,13,0,-1
u.sups	8,0,0;8,15,0;8,5,0;4,0,11,0,-1;4,0,18,-1,-1
v.sups	8,1,0;8,6,0;8,9,0;4,9,3,0,-1
w.sups	8,21,0;8,15,0;8,6,0;8,1,0;8,12,0;4,21,3,0,-1;4,15,9,0,-1;4,6,18,0,-1
x.sups	8,16,0;8,11,0;8,2,0;8,7,0;14,4,2,16,-1;14,13,11,7,-1
y.sups	8,17,0;8,8,0;8,24,0;4,24,2,0,-1;14,6,24,8,-1;14,13,24,17,-1
z.sups	8,3,0;8,8,0;4,8,6,0,-1;4,6,0,-1,-1;4,3,1,0,-1;4,1,5,-1,-1
egrave.sups	8,14,0;8,4,0;6,33,22,0;6,1,3,-2;4,4,26,0,-1;4,14,38,0,-1
eacute.sups	8,14,0;8,4,0;6,2,0,-2;6,33,22,0;4,4,26,0,-1;4,14,38,0,-1
schwa.sups	8,19,0;8,0,0;6,29,8,0;4,19,12,0,-1;4,0,25,0,-1
a.supa	8,20,0;8,33,0;4,33,3,0,-1;4,20,10,0,-1;4,20,25,-1,-1;4,33,28,-1,-1
g.supa	8,19,0;8,29,0;6,33,11,0;4,29,3,0,-1;4,19,24,-1,-1;4,19,40,0,-1
l.supa	8,1,0;8,2,0
dollar	1,43,3;2,21,0;4,43,5,0,-1;14,8,21,43,-1;4,21,18,-1,-1;4,21,28,0,-1;14,31,43,21,-1;4,43,46,-1,-1
sterling	1,19,3;2,2,0;4,2,0,0,-1;14,36,19,2,0;4,36,10,-1,-1;4,36,35,0,-1;4,35,11,-1,0;4,19,26,0,-1
yen	1,29,3;1,9,3;2,20,0;14,4,29,20,-1;14,25,29,20,0;4,25,12,0,-1;4,25,13,-1,-1;4,25,24,-1,0;4,24,16,-1,-1;4,24,21,0,-1;4,21,17,-1,-1;4,25,27,0,-1
Euro	1,25,3;2,3,0;6,46,45,0;4,46,9,-1,-1;4,45,10,-1,-1;4,45,37,-2,-1;4,37,18,-1,-1;4,37,36,0,-1;4,36,19,-1,-1;4,25,32,0,-1;4,3,50,0,-1
cent	6,12,36,0;6,35,28,0;4,35,0,-1,-1;4,36,8,-1,-1;4,12,15,-1,-1;4,28,25,-1,-1
florin	1,37,4;6,18,23,0;6,11,10,0;4,37,3,0,-1;4,11,29,-1,-1;4,10,31,-1,-1
lira	1,26,3;2,2,0;4,2,0,0,-1;14,43,26,2,0;4,43,48,0,-1;4,48,49,0,-1;4,49,10,-1,-1;4,48,11,-1,-1;4,43,17,-1,-1;4,43,42,0,-1;4,42,18,-1,-1;4,26,33,0,-1
peseta	1,24,3;2,19,0;6,5,17,0;4,24,6,0,-1;14,4,5,6,0;4,4,7,0,-1;4,4,13,-1,-1;4,4,20,-1,-1;4,7,23,-1,-1;4,7,30,-1,-1
dong	1,45,4;2,3,0;4,3,0,0,-1;4,45,44,-2,-1;4,44,41,0,-1;4,41,36,-2,-1;4,0,28,-2,-1;14,39,36,28,-1;4,39,4,0,-1;4,36,7,0,-1;4,28,15,0,-1;14,24,28,36,-1;4,24,18,0,-1;4,41,21,-1,-1;4,28,23,-1,-1;4,44,47,-1,-1
peso	1,44,3;2,35,0;6,13,33,0;4,44,14,0,-1;14,7,13,14,0;4,7,6,-2,-1;4,7,12,-2,-1;4,6,15,-2,-1;4,6,21,-1,-1;4,7,26,-1,-1;4,12,29,-1,-1;4,12,36,-1,-1;4,7,39,-1,-1;4,6,40,-1,-1;4,15,43,-1,-1;4,15,48,-1,-1
guarani	1,15,3;2,7,0;14,0,15,7,0;4,7,4,-1,-1;4,15,18,-1,-1;4,15,25,0,-1;4,7,35,0,-1;4,0,40,0,-1
cedi	1,25,3;2,15,0;4,25,0,0,-1;4,15,8,0,-1;4,15,12,-1,-1;4,25,28,-1,-1;4,0,35,-1,-1;4,8,36,-1,-1
rupeeindian	1,28,3;2,12,0;6,13,16,0;6,23,19,-2;4,28,26,0,-1;4,26,1,-1,-1;4,23,4,-1,-1;4,19,7,-1,-1;14,10,16,13,-1
liraturkish	1,26,3;2,17,0;4,17,0,0,-1;14,18,17,26,0;4,18,21,-2,-1;4,21,22,-2,-1;4,22,25,-2,-1;4,25,28,-1,-1;4,22,31,-1,-1;4,21,32,-1,-1;4,18,35,-1,-1
pi	1,4,0;2,16,0;2,22,0;4,4,20,0,-1;4,20,0,-1,-1;4,20,6,-1,-1;4,16,10,0,-1
gravecmb	1,3,2;4,3,1,-2,-1
gravecmb.cap	6,3,1,-2
acutecmb	1,0,2;4,0,2,-2,-1
acutecmb.cap	6,0,2,-2
circumflexcmb	1,6,2;1,3,2;4,6,0,-2,-1;14,5,0,6,-1
circumflexcmb.cap	6,1,6,-2;4,6,7,-2,-1;4,7,3,-1,-1
tildecmb	1,0,2;1,19,2;6,5,24,0;4,19,10,0,-1;4,5,14,-1,-1
tildecmb.cap	6,19,0,-2;6,14,5,-2;4,0,8,-1,-1;4,14,22,-1,-1
macroncmb	8,3,0;4,3,1,-2,-1
macroncmb.cap	6,2,1,-2
brevecmb	1,5,5;1,0,2;4,0,11,-2,-1;4,5,16,-1,-1
brevecmb.cap	6,0,9,-2;4,9,6,-2,-1;4,6,14,-1,-1
dotaccentcmb	1,0,2;4,0,6,-2,-1
dotaccentcmb.cap	6,0,6,-2
dieresiscmb	1,0,2;4,0,6,-2,-1;4,0,12,-1,-1;4,6,18,-1,-1
dieresiscmb.cap	6,0,6,-2;4,0,12,-1,-1;4,6,18,-1,-1
hookabovecmb	6,5,6,-2;6,16,0,-2
hookabovecmb.cap	6,5,6,-2;6,16,0,-2
ringcmb	6,0,12,-2;6,18,6,-2
ringcmb.cap	6,0,12,-2;6,18,6,-2
hungarumlautcmb	1,2,2;4,2,0,-2,-1;4,0,5,-1,-1;4,2,6,-1,-1
hungarumlautcmb.cap	6,3,1,-2;4,1,4,-1,-1;4,3,6,-1,-1
caroncmb	1,7,2;1,0,5;14,2,0,7,-1;4,7,5,-2,-1
caroncmb.cap	6,2,5,-2;4,5,4,-2,-1;4,4,7,-1,-1
dblgravecmb	1,5,2;4,5,0,-1,-1;4,5,7,-2,-1;4,7,3,-1,-1
dblgravecmb.cap	6,0,2,-2;4,0,4,-1,-1;4,2,6,-1,-1
commaturnedabovecmb	6,11,5,-2
commaabovecmb	6,5,11,-2
horncmb	6,12,0,-2
dotbelowcmb	6,0,6,-2
dieresisbelowcmb	6,0,6,-2;4,0,12,-1,-1;4,6,18,-1,-1
commabelowcmb	6,15,0,-2;6,8,9,-2
cedillacmb	6,17,2,-1;6,10,11,-2
cedillacmb.cap	6,2,17,-1;6,11,10,-2
ogonekcmb	6,10,16,-2
ogonekcmb.cap	6,6,12,-2
brevebelowcmb	6,11,0,-2;4,11,6,-2,-1;4,6,16,-1,-1
macronbelowcmb	6,0,3,-2
dieresismacron	6,0,6,-2;6,26,25,-2;4,0,12,-1,-1;4,6,18,-1,-1
dieresismacron.cap	6,4,10,-2;6,2,1,-2;4,4,16,-1,-1;4,10,22,-1,-1
dieresisacute	6,4,10,-2;6,2,0,-2;4,4,16,-1,-1;4,10,22,-1,-1
dieresisacute.cap	6,4,10,-2;6,2,0,-2;4,4,16,-1,-1;4,10,22,-1,-1
dieresiscaron	6,8,14,-2;6,6,4,-2;4,4,0,-1,-1;4,8,20,-1,-1;4,14,26,-1,-1
dieresiscaron.cap	6,0,6,-2;6,25,31,-2;4,0,12,-1,-1;4,6,18,-1,-1;4,31,27,-1,-1
dieresisgrave	6,4,10,-2;6,1,3,-2;4,4,16,-1,-1;4,10,22,-1,-1
dieresisgrave.cap	6,4,10,-2;6,1,3,-2;4,4,16,-1,-1;4,10,22,-1,-1
circumflexacute	6,10,8,-2;6,6,0,-2;4,6,3,-1,-1
circumflexacute.cap	6,2,0,-2;6,10,4,-2;4,10,7,-1,-1
circumflexgrave	6,9,11,-2;6,6,0,-2;4,6,3,-1,-1
circumflexgrave.cap	6,1,3,-2;6,10,4,-2;4,10,7,-1,-1
circumflexhook	6,3,1,-2;6,13,14,-2;6,22,8,-2;4,3,6,-1,-1
circumflexhook.cap	6,19,17,-2;6,6,7,-2;6,15,0,-2;4,19,22,-1,-1
circumflextilde	6,6,0,-2;6,26,18,-2;6,31,13,-2;4,6,3,-1,-1;4,13,20,-1,-1;4,26,33,-1,-1
circumflextilde.cap	6,32,13,-2;6,27,18,-2;6,6,0,-2;4,6,3,-1,-1;4,13,21,-1,-1;4,27,35,-1,-1
breveacute	6,2,0,-2;6,4,13,-2;4,13,10,-2,-1;4,10,18,-1,-1
breveacute.cap	6,2,0,-2;6,4,13,-2;4,13,10,-2,-1;4,10,16,-1,-1
brevegrave	6,1,3,-2;6,4,13,-2;4,13,10,-2,-1;4,10,18,-1,-1
brevegrave.cap	6,1,3,-2;6,4,13,-2;4,13,10,-2,-1;4,10,16,-1,-1
brevehook	6,0,9,-2;6,26,27,-2;6,35,20,-2;4,9,6,-2,-1;4,6,14,-1,-1
brevehook.cap	6,16,25,-2;6,6,7,-2;6,15,0,-2;4,25,22,-2,-1;4,22,28,-1,-1
brevetilde	6,36,28,-2;6,41,23,-2;6,0,9,-2;4,9,6,-2,-1;4,6,12,-1,-1;4,23,30,-1,-1;4,36,43,-1,-1
brevetilde.cap	6,37,28,-2;6,42,23,-2;6,0,9,-2;4,9,6,-2,-1;4,6,12,-1,-1;4,23,31,-1,-1;4,37,45,-1,-1
commabelowcmb.alt	6,0,15,-2;6,9,8,-2
Bstroke	1,34,4;2,29,0;14,6,29,34,0;4,29,12,0,-1;14,11,12,6,0;4,11,8,0,-1;4,6,14,0,-1;4,34,21,0,-1;14,22,6,14,-1;4,11,30,-1,-1;4,8,33,-1,-1
bstroke	1,41,5;2,35,0;2,30,0;6,13,20,0;6,37,40,0;4,30,3,0,-1;4,40,43,-1,-1;4,37,46,-1,-1
circumflexbreve	6,3,1,0;4,3,6,-1,-1;4,1,8,-2,-1;4,8,17,0,-1
circumflexbreve.cap	6,3,1,0;4,3,6,-1,-1;4,1,8,-2,-1;4,8,17,0,-1
zero.0	1,6,3;2,0,0;4,0,12,0,-1;4,6,18,0,-1;14,24,6,0,-1;4,24,30,-2,-1
zero.0s	1,18,3;2,24,0;14,0,24,18,-1;4,24,5,0,-1;14,7,24,18,-1;14,8,24,18,-1;4,18,14,0,-1;14,17,18,24,-1
zero.0p	1,6,3;2,0,0;4,0,12,0,-1;4,6,18,0,-1;14,24,6,0,-1;4,24,30,-2,-1
zero.0ps	1,18,3;2,24,0;14,0,24,18,-1;4,24,5,0,-1;14,8,24,18,-1;14,9,24,18,-1;4,18,15,0,-1;14,17,18,24,-1
A.sc	1,14,1;2,12,0;2,16,0;14,0,14,12,0;14,5,14,12,-1;4,0,11,0,-1
B.sc	1,0,1;2,14,0;14,33,0,14,0;4,33,16,0,-1;14,7,16,33,-1;4,0,22,0,-1;4,14,25,0,-1
C.sc	1,5,1;2,25,0;4,5,12,0,-1;4,25,18,0,-1
D.sc	1,0,1;2,11,0;4,11,13,0,-1;4,0,21,0,-1
E.sc	1,0,1;2,10,0;4,0,2,0,-1;14,6,0,10,0;4,6,4,0,-1;4,10,8,0,-1
F.sc	1,0,1;2,8,0;6,6,5,0;4,0,2,0,-1
G.sc	1,5,1;2,29,0;6,22,25,0;4,5,12,0,-1;4,29,18,0,-1
H.sc	1,0,1;1,4,1;2,6,0;2,10,0;6,8,3,0
I.sc	1,0,1;2,2,0
J.sc	1,7,1;2,14,0;4,14,3,0,-1
K.sc	1,0,1;1,4,1;2,7,0;2,11,0;14,3,7,0,-1;14,6,0,7,-1;14,9,7,0,-1
L.sc	1,0,1;2,4,0;4,4,2,0,-1
M.sc	1,0,1;1,6,1;2,8,0;2,24,0;14,3,0,24,-1;14,13,8,6,-1;14,16,0,8,-1;14,20,0,24,-1
N.sc	1,0,1;1,8,1;2,10,0;2,18,0;14,4,10,8,-1;14,14,0,18,-1
O.sc	1,10,1;2,0,0;4,0,20,0,-1;4,10,30,0,-1
P.sc	1,0,1;2,9,0;6,7,11,0;4,0,17,0,-1
Q.sc	1,34,1;2,24,0;6,21,47,0;4,24,5,0,-1;4,34,15,0,-1;4,24,44,-1,-1
R.sc	1,13,1;2,12,0;2,8,0;6,9,1,0;4,13,6,0,-1;14,22,1,9,-1
S.sc	1,22,1;2,46,0;4,46,3,0,-1;4,22,29,0,-1;14,6,46,29,-1;14,32,22,3,-1
T.sc	1,2,1;2,6,0;4,2,0,0,-1;4,0,4,-1,-1;4,4,5,-1,-1
U.sc	1,0,1;1,13,1;2,20,0;4,20,7,0,-1
V.sc	1,0,1;1,10,1;2,12,0;14,5,0,12,-1
W.sc	1,0,1;1,10,1;1,20,1;2,22,0;2,32,0;14,6,22,0,-1;14,15,22,20,-1;14,28,10,22,-1
X.sc	1,1,1;1,11,1;2,14,0;2,24,0;14,0,1,24,-1;14,7,14,1,-1;14,13,14,11,-1;14,20,14,1,-1
Y.sc	1,1,1;1,11,1;2,14,0;14,7,14,1,-1
Z.sc	1,3,1;2,8,0;4,8,6,0,-1;4,6,0,-1,-1;4,3,1,0,-1;4,1,5,-1,-1
Aogonek.sc	1,25,1;2,19,0;2,23,0;2,27,0;2,13,1;14,5,25,23,-1;14,21,25,23,0;4,21,9,0,-1;4,13,33,-2,-1
AE.sc	1,14,1;2,8,0;2,12,0;6,10,0,0;6,20,19,0;14,1,14,12,-1;4,8,7,0,-1;4,14,16,0,-1
Eogonek.sc	1,0,1;2,25,1;2,10,0;2,31,0;4,0,2,0,-1;14,6,0,10,0;4,6,5,0,-1;4,31,8,0,-1;4,25,19,-2,-1
Hbar.sc	1,16,1;1,21,1;2,6,0;2,11,0;14,3,16,11,0;4,3,0,-2,-1;4,0,4,-1,-1;4,3,9,0,-1;4,0,13,-1,-1;4,0,19,0,-1;4,19,14,-1,-1;4,19,23,-1,-1
Iogonek.sc	1,0,1;2,2,0;2,20,0;2,14,1;4,14,8,-2,-1
Lslash.sc	1,7,1;2,1,0;6,11,10,0;6,4,5,0;4,1,0,0,-1;14,3,1,7,-1;4,3,6,0,-1;4,3,12,-1,-1;4,12,9,0,-1
Oslash.sc	1,43,1;2,29,0;14,0,29,43,-1;4,29,2,0,-1;14,9,29,43,-1;14,10,43,29,-1;4,43,13,0,-1;14,20,29,43,-1;14,21,43,29,-1;14,32,29,43,-1;14,35,29,43,-1;14,45,43,29,-1
OE.sc	1,5,1;2,16,0;4,5,7,0,-1;14,11,5,16,0;4,11,10,0,-1;4,16,14,0,-1;4,5,19,0,-1;4,16,27,0,-1
Ohorn.sc	1,42,1;2,32,0;4,32,0,0,-1;4,42,10,0,-1;14,24,32,42,-1;4,24,44,0,-1
Oogonek.sc	1,31,1;2,15,1;2,21,0;4,21,3,-1,-1;4,15,9,0,-1;4,21,36,0,-1;4,31,46,0,-1
Germandbls.sc	1,5,1;2,42,0;2,19,0;14,9,19,5,-1;4,19,25,0,-1;4,5,38,0,-1
Uogonek.sc	1,31,1;1,44,1;2,17,1;2,25,0;4,25,5,-1,-1;4,17,11,-2,-1;4,25,38,0,-1
Uhorn.sc	1,20,1;1,33,1;2,14,0;4,33,8,-2,-1;4,14,27,0,-1
Eth.sc	1,15,1;2,25,0;4,25,0,0,-1;4,15,8,0,-1;14,12,15,25,0;4,12,11,0,-1;4,12,28,-1,-1;4,11,29,-1,-1
Thorn.sc	1,0,1;2,11,0;6,9,13,0;6,3,19,0
Schwa.sc	1,14,1;2,24,0;4,24,5,0,-1;14,10,14,24,0;4,10,32,0,-1;4,14,36,0,-1
ampersand.sc	1,52,1;2,34,0;2,28,0;4,34,5,0,-1;14,31,52,34,-1;4,31,63,-2,-1;14,8,63,31,-1;14,11,34,52,-1;4,11,17,-2,-1;4,52,25,0,-1;14,44,17,11,-1;14,60,11,17,-1;14,70,31,63,-1
zero.sc	1,6,1;2,0,0;4,0,12,0,-1;4,6,18,0,-1
one.sc	1,5,1;2,7,0;4,5,2,0,-1;4,2,0,0,-1
two.sc	1,15,1;2,28,0;4,28,26,0,-1;4,26,0,-1,-1;4,15,8,0,-1
three.sc	1,25,1;2,44,0;6,9,10,0;4,44,3,0,-1;4,25,18,0,-1;14,34,9,10,-1
four.sc	1,17,1;2,12,0;14,10,17,12,0;4,10,20,0,-1;4,20,0,-1,-1;14,4,17,12,-1;4,10,14,-1,-1;4,0,16,-1,-1
five.sc	1,18,1;2,35,0;6,13,25,0;4,35,5,0,-1;4,18,20,0,-1
six.sc	1,41,1;2,33,0;6,8,25,0;4,33,0,0,-1;4,41,17,0,-1;14,22,33,41,-1
seven.sc	1,7,1;2,0,0;4,7,5,0,-1;4,5,9,-1,-1
eight.sc	1,44,1;2,63,0;4,63,5,0,-1;14,13,63,44,-1;14,16,44,63,-1;4,44,22,0,-1;14,36,63,44,-1;14,53,63,44,-1
nine.sc	1,33,1;2,41,0;6,25,0,0;4,33,6,0,-1;4,41,17,0,-1;14,22,41,33,-1
A.sups	8,13,0;8,16,0;8,14,0;14,5,14,13,-1;14,10,14,13,-1;4,10,9,0,-1
B.sups	8,14,0;8,1,0;6,16,31,0;14,8,16,31,-1;4,1,22,0,-1;4,14,25,0,-1
C.sups	8,27,0;8,5,0;4,5,12,0,-1;4,27,20,0,-1
D.sups	8,7,0;8,1,0;4,7,9,0,-1;4,1,15,0,-1
E.sups	8,0,0;8,11,0;6,6,5,0;4,0,2,0,-1;4,11,9,0,-1
F.sups	8,9,0;8,0,0;6,6,5,0;4,0,2,0,-1
G.sups	8,5,0;8,31,0;6,26,24,0;4,5,12,0,-1;4,31,20,0,-1
H.sups	8,0,0;8,4,0;8,11,0;8,7,0;6,2,8,0
I.sups	8,0,0;8,2,0
J.sups	8,7,0;8,14,0;4,14,3,0,-1
K.sups	8,12,0;8,8,0;8,0,0;8,4,0;14,2,0,12,-1;14,6,0,8,-1;14,9,12,0,-1
L.sups	8,0,0;8,5,0;4,5,3,0,-1
M.sups	8,25,0;8,9,0;8,0,0;8,7,0;14,4,7,9,-1;14,13,9,7,-1;14,17,25,0,-1;14,20,0,25,-1
N.sups	8,0,0;8,9,0;8,10,0;8,19,0;14,4,10,9,-1;14,14,0,19,-1
O.sups	8,10,0;8,0,0;4,0,20,0,-1;4,10,26,0,-1
P.sups	8,0,0;8,10,0;6,7,11,0;4,0,17,0,-1
Q.sups	8,18,0;8,28,0;6,15,41,0;4,18,3,0,-1;4,28,9,0,-1;4,18,38,-1,-1
R.sups	8,13,0;8,9,0;8,14,0;6,10,1,0;4,14,7,0,-1;14,21,1,10,-1
S.sups	8,44,0;8,20,0;4,44,3,0,-1;14,6,20,3,-1;4,20,27,0,-1;14,30,3,20,-1
T.sups	8,7,0;8,2,0;4,2,1,0,-1;4,1,4,-1,-1
U.sups	8,0,0;8,13,0;8,20,0;4,20,7,0,-1
V.sups	8,0,0;8,10,0;8,13,0;14,5,0,13,-1
W.sups	8,33,0;8,23,0;8,0,0;8,10,0;8,21,0;14,5,0,33,-1;14,15,10,23,-1;14,28,33,10,-1
X.sups	8,1,0;8,12,0;8,14,0;8,25,0;14,0,1,25,-1;14,6,14,12,-1;14,13,14,12,-1;14,20,1,25,-1
Y.sups	8,1,0;8,12,0;8,15,0;14,6,1,15,-1
Z.sups	8,3,0;8,8,0;4,8,6,0,-1;4,6,0,-1,-1;4,3,1,0,-1;4,1,5,-1,-1
colon.sups	8,9,0;6,15,21,0;4,9,3,0,-1
