#Glyph name	TT hints
A	1,14,3;2,12,0;2,17,0;14,5,12,14,-1;14,11,12,14,0;4,11,9,0,-1
B	1,0,3;2,19,0;14,35,0,19,0;14,10,35,20,-1;4,0,27,0,-1;4,35,28,0,-1;4,19,37,0,-1
C	1,5,3;2,29,0;4,5,12,0,-1;4,29,22,0,-1
D	1,0,3;2,10,0;4,10,11,0,-1;4,0,17,0,-1
E	1,0,3;2,11,0;4,0,3,0,-1;14,7,0,11,0;4,7,5,0,-1;4,11,8,0,-1
F	1,0,3;2,9,0;4,0,3,0,-1;14,7,0,9,0;4,7,5,0,-1
G	1,5,3;2,33,0;4,5,12,0,-1;4,33,22,0,-1;14,29,5,33,0;4,29,27,0,-1
H	1,0,3;2,11,0;14,9,0,11,0;4,9,3,0,-1;4,0,4,-1,-1;4,11,7,-1,-1
I	1,0,3;2,3,0
J	1,7,3;2,14,0;4,14,3,0,-1
K	1,0,3;2,12,0;14,2,0,12,-1;4,0,4,-1,-1;4,12,8,-1,-1;14,9,4,8,-1
L	1,0,3;2,5,0;4,5,2,0,-1
M	1,0,3;2,25,0;4,0,6,-1,-1;4,25,9,-1,-1;14,3,6,9,-1;14,14,6,9,-1;14,17,25,6,-1;14,20,0,25,-1
N	1,0,3;2,19,0;4,19,11,-1,-1;4,0,8,-1,-1;14,4,11,8,-1;14,14,0,19,-1
O	1,10,3;2,0,0;4,0,20,0,-1;4,10,30,0,-1
P	1,0,3;2,14,0;14,12,0,14,0;4,12,15,0,-1;4,0,22,0,-1
Q	1,36,3;2,26,0;6,23,49,0;4,26,5,0,-1;4,36,15,0,-1;4,26,46,-1,-1
R	1,14,3;2,12,0;2,9,0;6,10,1,0;4,14,8,0,-1;14,23,1,10,-1
S	1,22,3;2,48,0;4,48,3,0,-1;14,11,22,48,-1;4,22,29,0,-1;14,37,48,22,-1
T	1,2,3;2,7,0;4,2,0,0,-1;4,0,5,-1,-1
U	1,0,3;2,20,0;4,20,7,0,-1;4,0,13,-1,-1
V	1,0,3;2,15,0;14,6,0,15,-1;4,0,12,-1,-1
W	1,0,3;2,33,0;14,5,0,33,-1;4,0,10,-1,-1;4,10,20,-1,-1;4,33,23,-1,-1;14,15,20,23,-1;14,28,33,10,-1
X	1,1,3;2,25,0;14,6,1,25,-1;4,1,11,-1,-1;4,25,15,-1,-1;14,19,15,11,-1
Y	1,1,3;2,15,0;14,6,1,15,-1;4,1,11,-1,-1
Z	1,3,3;2,8,0;4,8,6,0,-1;4,6,0,-1,-1;4,3,1,0,-1;4,1,5,-1,-1
a	1,15,0;2,25,0;2,20,0;14,3,15,25,0;4,15,8,0,-1;4,25,31,0,-1;4,3,35,0,-1
b	1,0,4;1,6,0;2,16,0;2,22,0;4,16,26,0,-1;4,6,36,0,-1
c	1,5,0;2,29,0;4,5,12,0,-1;4,29,22,0,-1
d	1,10,4;1,5,0;2,18,0;2,13,0;4,18,24,0,-1;4,5,31,0,-1
e	1,5,0;2,23,0;14,12,5,23,0;4,23,16,0,-1;4,5,31,0,-1;4,12,36,0,-1
f	1,18,4;1,5,0;2,9,0;4,18,2,0,-1;4,5,8,0,-1;4,8,11,-1,-1;4,5,14,-1,-1
g	1,37,0;2,69,1;4,69,3,0,-1;14,60,37,69,0;4,60,11,0,-1;4,37,41,-1,0;4,41,42,0,-1;4,60,51,-1,0;4,51,74,0,-1;4,37,82,0,-1
h	1,0,4;1,6,0;2,20,0;4,20,11,-1,-1;4,6,15,0,-1
i	1,12,0;2,14,0;6,0,6,-2
j	1,0,0;2,5,1;6,16,22,-2;4,5,12,0,-1
k	1,0,4;1,4,0;2,12,0;14,2,0,12,-1;4,12,8,-1,-1;14,9,0,8,-1
l	1,0,4;2,12,0;4,12,5,0,-1
m	1,6,0;1,0,0;2,33,0;4,6,12,-1,-1;4,33,25,-1,-1;4,25,17,-1,-1;4,12,21,0,-1;4,6,29,0,-1
n	1,6,0;1,0,0;2,20,0;4,20,11,-1,-1;4,6,15,0,-1
o	1,5,0;2,15,0;4,15,25,0,-1;4,5,35,0,-1
p	1,9,0;1,3,0;2,2,1;2,19,0;4,19,26,0,-1;4,9,36,0,-1
q	1,5,0;1,11,0;2,13,1;2,18,0;4,18,24,0,-1;4,5,31,0,-1
r	1,6,0;1,0,0;2,17,0;4,6,12,-2,-1
s	1,21,0;2,46,0;4,46,3,0,-1;14,11,46,21,-1;4,21,28,0,-1;14,36,21,46,-1
t	1,6,0;2,20,0;4,6,9,0,-1;4,9,0,-1,-1;4,6,3,-1,-1;4,20,13,0,-1
u	1,0,0;2,17,0;2,12,0;4,17,5,0,-1;4,0,9,-1,-1
v	1,0,0;2,13,0;14,5,0,13,-1;4,0,10,-1,-1
w	1,0,0;2,33,0;14,5,33,0,-1;4,0,10,-1,-1;4,33,23,-1,-1;4,10,20,-1,-1;14,15,23,20,-1;14,28,0,32,-1
x	1,1,0;2,25,0;4,1,11,-1,-1;4,25,15,-1,-1;14,6,11,15,-1;14,20,1,25,-1
y	1,8,0;2,25,1;4,25,3,0,-1;14,13,8,25,-1;4,8,18,-1,-1
z	1,3,0;2,8,0;4,8,6,0,-1;4,6,0,-1,-1;4,3,1,0,-1;4,1,5,-1,-1
Aogonek	1,27,3;2,21,0;2,25,0;2,29,0;6,13,35,-2;14,5,25,27,-1;14,24,25,27,0;4,24,9,0,-1
AE	1,14,3;2,12,0;2,8,0;14,2,12,14,-1;14,11,12,14,0;4,11,6,0,-1;4,14,17,0,-1;14,21,8,14,0;4,21,18,0,-1;4,8,22,0,-1
Eogonek	1,0,3;2,33,0;6,26,19,-2;4,0,2,0,-1;14,7,0,33,0;4,7,5,0,-1;4,33,9,0,-1;4,33,10,-1,-1
Hbar	1,17,3;1,20,3;2,10,0;2,7,0;14,9,10,17,0;4,9,2,0,-1;4,2,1,-2,-1;4,1,5,-1,-1;4,1,12,-1,-1;4,1,18,0,-1;4,18,15,-1,-1;4,18,22,-1,-1
Iogonek	1,0,3;2,2,0;2,22,0;6,8,15,-2
Lslash	1,8,3;2,2,0;14,3,2,8,0;4,3,6,-2,-1;4,6,9,-1,-1;4,3,12,-1,-1;4,2,13,0,-1
Oslash	1,41,3;2,28,0;14,0,28,41,-1;4,28,2,0,-1;14,10,28,41,-1;4,41,12,0,-1
OE	1,3,3;2,14,0;4,3,24,0,-1;4,24,5,-1,-1;14,10,3,14,0;4,10,8,0,-1;4,14,23,0,-1;4,23,12,-1,-1
Ohorn	1,44,3;2,34,0;6,46,26,-1;4,34,0,0,-1;4,44,10,0,-1
Oogonek	1,13,3;2,3,0;6,35,29,-2;4,3,23,-1,-1;4,3,38,0,-1;4,13,48,0,-1
Germandbls	1,5,3;2,17,0;2,42,0;14,9,17,5,-1;4,17,24,0,-1;4,5,37,0,-1
Uogonek	1,0,3;2,41,0;6,33,26,-2;4,41,7,0,-1;4,0,13,-1,-1;4,41,20,-1,-1
Uhorn	1,20,3;1,33,3;2,14,0;4,33,8,-2,-1;4,14,27,0,-1
Eth	1,27,3;2,22,0;4,27,7,0,-1;14,11,22,27,0;4,11,8,0,-1;4,22,12,0,-1;4,11,23,-1,-1;4,8,26,-1,-1
Thorn	1,0,3;2,16,0;6,14,25,0;6,24,2,0
Schwa	1,12,3;2,22,0;4,22,3,0,-1;14,8,22,12,0;4,8,31,0,-1;4,12,34,0,-1
aogonek	1,27,0;2,57,0;2,31,0;6,44,37,-2;4,57,3,0,-1;14,15,27,57,0;4,15,7,-1,-1;4,27,20,0,-1;4,31,52,-1,-1
ae	1,18,0;1,24,0;2,50,0;2,44,0;4,50,3,0,-1;14,56,50,18,0;4,56,10,0,-1;14,31,24,44,0;4,44,37,0,-1;4,18,61,0,-1;4,24,68,0,-1;4,31,71,0,-1
dcroat	8,31,0;1,40,4;2,23,0;2,18,0;4,31,3,0,-1;4,23,11,0,-1;14,36,18,40,0;4,36,16,-1,-1;4,36,39,0,-1;4,39,42,-1,-1
eogonek	1,5,0;2,46,0;6,35,28,-2;14,12,5,46,0;4,46,16,0,-1;4,5,54,0,-1;4,12,59,0,-1
hbar	1,22,4;2,17,0;4,22,21,-1,0;4,21,18,0,-1;4,18,26,-1,-1;4,26,3,-1,-1;4,17,8,-1,-1;4,3,12,0,-1;4,21,25,-1,-1
iogonek	1,0,0;2,22,0;6,29,23,-2;6,15,8,-2;4,22,2,-1,-1
iogonek.d	1,0,0;2,22,0;6,15,8,-2;4,22,2,-1,-1
dotlessi	1,0,0;2,2,0
kgreenlandic	1,0,0;2,12,0;14,2,0,12,-1;4,0,4,-1,-1;4,12,8,-1,-1;14,6,0,8,-1;14,9,0,12,-1
lslash	1,19,4;2,11,0;14,15,11,19,0;4,15,0,-1,-1;4,11,4,0,-1;4,15,18,-2,-1;4,18,21,-1,-1
oslash	1,41,0;2,28,0;14,0,28,41,-1;4,28,2,0,-1;14,10,41,28,-1;4,41,12,0,-1
oe	1,25,0;2,56,0;4,56,5,0,-1;4,25,15,0,-1;4,25,31,-1,-1;4,56,51,-1,-1;14,38,31,51,0;4,51,44,0,-1;4,31,64,0,-1;4,38,67,0,-1
ohorn	1,44,0;2,34,0;6,26,46,-1;4,34,0,0,-1;4,44,10,0,-1
oogonek	1,15,0;2,5,0;6,38,31,-2;4,5,25,-1,-1;4,5,46,0,-1;4,15,56,0,-1
germandbls	1,3,4;2,55,0;2,25,0;14,13,25,3,-1;4,25,32,0,-1;14,35,25,3,-1;14,47,25,3,-1;4,3,50,0,-1
uogonek	1,0,0;2,35,0;2,11,0;6,24,17,-2;4,35,5,0,-1;4,0,9,-1,-1;4,11,30,-1,-1
uhorn	1,19,0;1,29,0;2,15,0;2,10,0;4,29,8,-2,-1;4,15,24,0,-1
eth	2,29,0;6,11,39,0;6,45,48,-1;4,29,0,0,-1;4,45,21,-1,-1;4,48,51,-2,-1;4,48,54,-1,-1
thorn	1,2,4;1,8,0;2,1,1;2,18,0;4,18,26,0,-1;4,8,36,0,-1
dotlessj	1,0,0;2,5,1;4,5,12,0,-1
ascript	1,20,0;2,33,0;4,33,3,0,-1;4,20,10,0,-1;4,20,26,-1,0;4,33,27,-1,0
schwa	1,14,0;2,24,0;14,4,14,24,0;4,14,7,0,-1;4,4,29,0,-1;4,24,32,0,-1
gscript	1,20,0;1,25,0;2,30,1;6,10,34,0;4,30,3,0,-1;4,20,41,0,-1
f_f	1,18,0;1,37,4;2,14,0;4,37,2,0,-1;4,18,33,-1,-1;4,33,6,-1,-1;4,18,15,0,-1;4,15,11,-1,-1;4,11,7,-1,-1;4,14,10,-1,-1;4,18,17,-1,-1;4,37,22,-1,-1;4,22,28,0,-1
f_t	1,16,0;1,20,4;2,12,0;2,3,0;4,16,13,0,-1;4,13,9,-1,-1;4,16,15,-1,0;4,20,26,0,-1;4,16,30,-1,-1;4,30,34,-1,-1;4,9,35,-1,-1;4,3,40,0,-1
I.alt	1,4,3;2,11,0;4,11,1,0,-1;4,4,2,0,-1;4,2,7,-1,-1;4,1,8,-1,-1
Iogonek.alt	1,4,3;2,31,0;2,10,0;6,24,17,-2;4,31,1,0,-1;4,4,2,0,-1;4,2,7,-1,-1;4,1,8,-1,-1
aogonek.alt	1,20,0;2,51,0;2,27,0;6,40,33,-2;4,51,3,0,-1;4,20,10,0,-1;4,27,46,-1,-1
l.alt	1,0,4;2,2,0
lslash.alt	1,8,4;2,3,0;14,4,3,8,0;4,4,1,-1,-1;4,4,7,-2,-1;4,7,10,-2,-1
ampersand	1,52,3;2,34,0;2,28,0;6,31,63,-2;4,34,5,0,-1;14,8,31,63,-1;14,11,34,52,0;4,11,17,-2,-1;4,52,25,0,-1;14,44,11,17,-1;14,60,11,17,-1;14,70,31,63,-1
zero	1,6,2;2,0,0;4,0,12,0,-1;4,6,22,0,-1
one	1,7,2;2,12,0;4,12,1,0,-1;4,7,2,-2,-1;4,1,9,-1,-1
two	1,15,2;2,28,0;4,28,26,0,-1;4,26,23,-1,-1;4,23,0,-1,-1;4,15,8,0,-1
three	1,27,2;2,46,0;4,46,3,0,-1;14,11,27,46,0;4,11,12,0,-1;4,27,20,0,-1;14,36,12,11,-1
four	1,18,2;2,13,0;6,0,14,0;4,18,4,-2,-1;4,0,9,-1,-1;4,14,11,-1,-1;4,9,16,-1,-1;4,0,19,-1,-1
five	1,16,2;2,33,0;4,33,3,0,-1;14,23,16,33,0;4,23,11,-2,-1;4,16,18,0,-1
six	1,43,2;2,33,0;6,8,25,0;4,33,0,0,-1;4,43,17,0,-1
seven	1,7,2;2,0,0;4,7,5,0,-1;4,5,9,-1,-1
eight	1,44,2;2,65,0;4,65,5,0,-1;14,13,65,44,0;4,13,16,-1,-1;4,44,22,0,-1;4,13,35,-2,-1;4,16,54,-2,-1
nine	1,33,2;2,43,0;6,25,0,0;4,33,6,0,-1;4,43,17,0,-1
zero.pnum	1,8,2;2,0,0;4,0,16,0,-1;4,8,22,0,-1
one.pnum	1,6,2;2,7,0;4,6,0,-2,-1
two.pnum	1,15,2;2,28,0;4,28,26,0,-1;4,26,23,-1,-1;4,23,0,-1,-1;4,15,8,0,-1
seven.pnum	1,7,2;2,0,0;4,7,5,0,-1;4,5,9,-1,-1
zero.tnum	1,6,1;2,0,0;4,0,12,0,-1;4,6,18,0,-1
one.tnum	1,7,1;2,12,0;4,12,1,0,-1;4,7,2,-2,-1;4,1,9,-1,-1
two.tnum	1,15,1;2,28,0;4,28,26,0,-1;4,26,23,-1,-1;4,23,0,-1,-1;4,15,8,0,-1
three.tnum	1,27,1;6,46,3,0;6,11,12,0;4,27,20,0,-1;14,36,11,12,-1
four.tnum	1,17,1;6,13,0,0;4,17,4,-2,-1;4,0,8,-1,-1;4,13,10,-1,-1;4,8,15,-1,-1;4,0,18,-1,-1
five.tnum	1,16,1;6,33,3,0;6,11,23,0;4,16,18,0,-1;14,20,11,23,-1
seven.tnum	1,7,1;4,7,5,0,-1;4,5,9,-1,-1
nine.tnum	1,32,1;6,42,16,0;6,24,0,0;4,32,6,0,-1
one.onum	1,5,1;2,7,0;4,5,0,-2,-1
two.onum	1,15,1;2,30,0;4,30,28,0,-1;4,28,25,-1,-1;4,25,0,-1,-1;4,15,8,0,-1
seven.onum	1,7,1;4,7,5,0,-1;4,5,9,-1,-1
period	2,9,0;4,9,3,-2,-1
comma	2,5,0;4,5,11,-2,-1
copyright	6,65,58,0;6,52,45,0;4,45,35,-2,-1;4,35,5,0,-1;4,65,25,-2,-1;4,25,15,0,-1
registered	8,52,0;8,41,0;4,52,20,-2,-1;4,20,0,0,-1;4,41,30,-2,-1;4,30,10,0,-1;14,50,52,41,0;4,50,54,0,-1;14,47,54,50,-1;4,52,49,-1,-1;4,41,59,0,-1
trademark	8,26,0;8,23,0;4,23,0,-1,-1;4,26,18,-1,-1;14,14,18,0,0;4,14,3,0,-1;4,0,6,-1,-1;4,18,9,-1,-1;4,6,12,0,-1;4,0,16,0,-1;4,23,25,0,-1;4,25,20,-1,-1
servicemark	8,60,0;8,42,0;4,60,0,-1,0;4,0,7,0,-1;4,42,20,-1,0;14,10,0,20,-1;4,20,27,0,-1;14,30,20,0,-1;14,56,60,42,0;4,56,45,0,-1;4,42,48,-1,-1;4,60,51,-1,-1;4,48,54,0,-1;4,42,58,0,-1
at	6,65,59,0;6,15,39,0;6,22,73,0;6,80,30,0;6,49,5,0;14,34,80,30,-1
zero.dnom	8,6,0;2,0,0;4,0,12,0,-1;4,6,18,0,-1
one.dnom	8,6,0;2,8,0;4,6,0,0,-1
two.dnom	8,15,0;2,25,0;4,25,23,0,-1;4,23,0,-1,-1;4,15,8,0,-1
three.dnom	8,23,0;2,39,0;6,9,10,-2;4,39,3,0,-1;4,23,16,0,-1;14,31,9,10,-1
four.dnom	8,14,0;2,9,0;6,10,0,0;4,14,2,0,-1;4,0,5,-1,-1;4,10,7,-1,-1;4,5,12,-1,-1;4,0,15,-1,-1
five.dnom	8,14,0;2,31,0;6,9,21,-2;4,31,3,0,-1;4,14,16,0,-1
six.dnom	8,36,0;2,28,0;6,20,6,0;4,28,0,0,-1;4,36,15,0,-1
seven.dnom	8,7,0;2,0,0;4,7,5,0,-1;4,5,9,-1,-1
eight.dnom	8,37,0;2,54,0;4,54,3,0,-1;14,11,54,37,0;4,11,13,-1,-1;4,37,19,0,-1;4,11,28,-2,-1;4,13,45,-2,-1
nine.dnom	8,28,0;2,36,0;6,0,20,0;4,28,6,0,-1;4,36,15,0,-1
a.sups	8,0,0;8,16,0;6,29,6,0;4,16,9,0,-1;4,0,21,-1,-1;4,0,26,0,-1;14,23,0,26,-1
b.sups	8,6,0;8,14,0;8,1,0;4,6,30,0,-1;14,3,30,6,-1;4,14,24,0,-1;14,18,14,24,-1;4,14,19,-1,-1
c.sups	8,8,0;8,0,0;4,8,15,0,-1;4,0,21,0,-1
d.sups	8,0,0;8,8,0;8,13,0;4,8,28,0,-1;14,11,28,8,-1;4,0,16,-1,-1;4,0,21,0,-1;14,18,0,21,-1
e.sups	8,10,0;8,0,0;6,29,18,0;4,0,22,0,-1;4,10,34,0,-1
f.sups	8,20,0;8,11,0;8,7,0;4,20,3,0,-1;4,7,10,0,-1;4,10,13,-1,-1;4,7,16,-1,-1
g.sups	8,33,0;8,64,0;6,9,56,0;6,46,67,0;4,64,3,0,-1;14,18,9,56,-1;4,33,73,0,-1
h.sups	8,6,0;8,18,0;8,11,0;8,1,0;4,6,15,0,-1
i.sups	8,14,0;8,13,0;6,0,6,0
j.sups	8,0,0;8,12,0;6,16,22,0;4,0,7,0,-1
k.sups	8,11,0;8,8,0;8,4,0;8,1,0;14,2,11,1,-1;14,9,11,1,-1
l.sups	8,11,0;8,1,0;4,11,4,0,-1
m.sups	8,33,0;8,24,0;8,15,0;8,6,0;4,6,1,-1,-1;4,6,11,-1,-1;4,6,29,0,-1;4,29,20,-1,-1
n.sups	8,6,0;8,18,0;8,11,0;4,6,1,-1,-1;4,6,15,0,-1
o.sups	8,10,0;8,0,0;4,0,20,0,-1;4,10,26,0,-1
p.sups	8,6,0;8,14,0;8,19,0;4,6,1,-1,-1;4,14,24,0,-1;4,6,30,0,-1
q.sups	8,12,0;8,4,0;8,19,0;4,12,16,-1,-1;4,4,20,0,-1;4,12,26,0,-1
r.sups	8,5,0;8,15,0;4,5,1,-1,-1;4,5,11,0,-1
s.sups	8,19,0;8,42,0;4,42,3,0,-1;14,6,42,19,-1;4,19,26,0,-1;14,29,19,42,-1
t.sups	8,18,0;8,6,0;4,6,9,0,-1;4,9,0,-1,-1;4,6,3,-1,-1;4,18,12,0,-1
u.sups	8,0,0;8,12,0;8,5,0;4,0,9,0,-1;4,0,15,-1,-1
v.sups	8,1,0;8,6,0;8,9,0;4,9,3,0,-1
w.sups	8,21,0;8,15,0;8,6,0;8,1,0;8,12,0;4,21,3,0,-1;4,15,9,0,-1;4,6,18,0,-1
x.sups	8,16,0;8,11,0;8,2,0;8,7,0;14,4,2,16,-1;14,13,11,7,-1
y.sups	8,17,0;8,8,0;8,22,0;4,22,2,0,-1;14,6,22,8,-1;14,13,22,17,-1
z.sups	8,3,0;8,8,0;4,8,6,0,-1;4,6,0,-1,-1;4,3,1,0,-1;4,1,5,-1,-1
egrave.sups	8,14,0;8,4,0;6,33,22,0;6,1,3,-2;4,4,26,0,-1;4,14,38,0,-1
eacute.sups	8,14,0;8,4,0;6,2,0,-2;6,33,22,0;4,4,26,0,-1;4,14,38,0,-1
schwa.sups	8,19,0;8,0,0;6,31,8,0;4,19,12,0,-1;4,0,27,0,-1
a.supa	8,18,0;8,31,0;4,31,3,0,-1;4,18,10,0,-1;4,18,23,-1,-1;4,31,26,-1,-1
g.supa	8,19,0;8,28,0;6,32,11,0;4,28,3,0,-1;4,19,23,-1,-1;4,19,39,0,-1
l.supa	8,1,0;8,2,0
dollar	1,39,2;2,19,0;4,39,3,0,-1;14,6,19,39,-1;4,19,16,-1,-1;4,19,26,0,-1;14,29,39,19,-1;4,39,42,-1,-1
sterling	1,21,2;2,2,0;4,2,0,0,-1;14,36,21,2,0;4,36,10,-1,-1;4,36,35,0,-1;4,35,11,-1,0;4,21,28,0,-1
yen	1,29,2;2,20,0;14,4,29,20,-1;4,29,9,-1,-1;14,25,29,20,0;4,25,12,0,-1;4,25,13,-1,-1;4,25,24,-1,0;4,24,16,-1,-1;4,24,21,0,-1;4,21,17,-1,-1;4,25,27,0,-1
Euro	1,25,2;2,3,0;14,37,25,3,0;4,37,45,-1,-1;4,45,46,0,-1;4,46,9,-1,-1;4,45,10,-1,-1;4,37,18,-1,-1;4,37,36,0,-1;4,36,19,-1,-1;4,25,32,0,-1;4,3,50,0,-1
cent	6,10,34,0;6,33,26,0;4,33,0,-1,-1;4,34,6,-1,-1;4,10,13,-1,-1;4,26,23,-1,-1
florin	1,36,3;6,18,24,0;6,11,10,0;4,36,3,0,-1;4,11,28,-1,-1;4,10,30,-1,-1
lira	1,26,2;2,2,0;4,2,0,0,-1;14,41,26,2,0;4,41,45,0,-1;4,45,46,0,-1;4,46,8,-1,-1;4,45,9,-1,-1;4,41,15,-1,-1;4,41,40,0,-1;4,40,16,-1,-1;4,26,33,0,-1
peseta	1,26,2;2,21,0;6,5,19,0;4,26,6,0,-1;14,4,5,6,0;4,4,7,0,-1;4,4,13,-1,-1;4,4,22,-1,-1;4,7,25,-1,-1;4,7,32,-1,-1
dong	2,3,0;6,28,15,0;6,7,36,0;6,41,44,0;4,3,0,0,-1;4,41,21,-1,-1;4,28,23,-1,-1;4,44,47,-1,-1
peso	1,45,2;2,36,0;6,13,34,0;4,45,14,0,-1;14,8,13,14,0;4,8,7,-2,-1;4,8,12,-2,-1;4,7,15,-2,-1;4,7,21,-1,-1;4,8,27,-1,-1;4,12,30,-1,-1;4,12,37,-1,-1;4,8,40,-1,-1;4,7,41,-1,-1;4,15,44,-1,-1;4,15,49,-1,-1
guarani	1,17,2;2,7,0;14,0,17,7,0;4,7,4,-1,-1;4,17,20,-1,-1;4,17,27,0,-1;4,7,35,0,-1;4,0,40,0,-1
cedi	1,23,2;2,13,0;4,23,0,0,-1;4,13,6,0,-1;4,13,10,-1,-1;4,23,26,-1,-1;4,0,33,-1,-1;4,6,34,-1,-1
rupeeindian	1,28,2;2,12,0;6,13,16,0;6,23,19,-2;4,28,26,0,-1;4,26,1,-1,-1;4,23,4,-1,-1;4,19,7,-1,-1;14,10,16,13,-1
liraturkish	1,25,2;2,16,0;4,16,0,0,-1;14,17,16,25,0;4,17,20,-2,-1;4,20,21,-2,-1;4,21,24,-2,-1;4,24,27,-1,-1;4,21,30,-1,-1;4,20,31,-1,-1;4,17,34,-1,-1
pi	1,4,0;2,16,0;2,22,0;4,4,20,0,-1;4,20,0,-1,-1;4,20,6,-1,-1;4,16,10,0,-1
gravecmb	6,3,1,-1
gravecmb.cap	6,3,1,-2
acutecmb	6,0,2,-1
acutecmb.cap	6,0,2,-2
circumflexcmb	6,0,5,-2;4,5,6,-2,-1;4,6,3,-1,-1
circumflexcmb.cap	6,1,6,-2;4,6,7,-2,-1;4,7,3,-1,-1
tildecmb	6,14,8,-2;6,19,3,-2;4,3,10,-1,-1;4,14,21,-1,-1
tildecmb.cap	6,17,0,-2;6,12,5,-2;4,0,8,-1,-1;4,12,20,-1,-1
macroncmb	6,3,1,-2
macroncmb.cap	6,2,1,-2
brevecmb	6,0,9,-2;4,9,6,-2,-1;4,6,12,-1,-1
brevecmb.cap	6,0,9,-2;4,9,6,-2,-1;4,6,12,-1,-1
dotaccentcmb	6,0,6,-2
dotaccentcmb.cap	6,0,6,-2
dieresiscmb	6,0,6,-2;4,0,12,-1,-1;4,6,18,-1,-1
dieresiscmb.cap	6,0,6,-2;4,0,12,-1,-1;4,6,18,-1,-1
hookabovecmb	6,5,6,-2;6,14,0,-2
hookabovecmb.cap	6,5,6,-2;6,14,0,-2
ringcmb	6,0,12,-2;6,18,6,-2
ringcmb.cap	6,0,12,-2;6,18,6,-2
hungarumlautcmb	6,2,0,-1;4,0,4,-1,-1;4,2,7,-1,-1
hungarumlautcmb.cap	6,3,1,-2;4,1,4,-1,-1;4,3,6,-1,-1
caroncmb	6,7,2,-2;4,2,1,-2,-1;4,1,4,-1,-1
caroncmb.cap	6,2,5,-2;4,5,4,-2,-1;4,4,7,-1,-1
dblgravecmb	6,5,7,-1;4,5,1,-1,-1;4,7,2,-1,-1
dblgravecmb.cap	6,0,2,-2;4,0,4,-1,-1;4,2,6,-1,-1
commaturnedabovecmb	6,11,5,-2
commaabovecmb	6,4,10,-2
horncmb	6,15,0,-2
dotbelowcmb	6,0,6,-2
dieresisbelowcmb	6,0,6,-2;4,0,12,-1,-1;4,6,18,-1,-1
commabelowcmb	6,15,0,-2;6,8,9,-2
cedillacmb	6,17,2,-1;6,10,11,-2
cedillacmb.cap	6,2,17,-1;6,11,10,-2
ogonekcmb	6,10,16,-2
ogonekcmb.cap	6,6,13,-2
brevebelowcmb	6,9,0,-2;4,9,6,-2,-1;4,6,12,-1,-1
macronbelowcmb	6,0,3,-2
dieresismacron	6,0,6,-2;6,26,25,-2;4,0,12,-1,-1;4,6,18,-1,-1
dieresismacron.cap	6,4,10,-2;6,2,1,-2;4,4,16,-1,-1;4,10,22,-1,-1
dieresisacute	6,4,10,-2;6,2,0,-2;4,4,16,-1,-1;4,10,22,-1,-1
dieresisacute.cap	6,4,10,-2;6,2,0,-2;4,4,16,-1,-1;4,10,22,-1,-1
dieresiscaron	6,8,14,-2;6,6,4,-2;4,4,0,-1,-1;4,8,20,-1,-1;4,14,26,-1,-1
dieresiscaron.cap	6,0,6,-2;6,25,31,-2;4,0,12,-1,-1;4,6,18,-1,-1;4,31,27,-1,-1
dieresisgrave	6,4,10,-2;6,1,3,-2;4,4,16,-1,-1;4,10,22,-1,-1
dieresisgrave.cap	6,4,10,-2;6,1,3,-2;4,4,16,-1,-1;4,10,22,-1,-1
circumflexacute	6,10,8,-2;6,6,0,-2;4,6,3,-1,-1
circumflexacute.cap	6,2,0,-2;6,10,4,-2;4,10,7,-1,-1
circumflexgrave	6,9,11,-2;6,6,0,-2;4,6,3,-1,-1
circumflexgrave.cap	6,1,3,-2;6,10,4,-2;4,10,7,-1,-1
circumflexhook	6,3,1,-2;6,14,15,-2;6,23,8,-2;4,3,6,-1,-1
circumflexhook.cap	6,17,15,-2;6,6,7,-2;6,13,0,-2;4,17,20,-1,-1
circumflextilde	6,6,0,-2;6,22,16,-2;6,27,11,-2;4,6,3,-1,-1;4,11,18,-1,-1;4,22,29,-1,-1
circumflextilde.cap	6,28,11,-2;6,23,16,-2;6,6,0,-2;4,6,3,-1,-1;4,11,19,-1,-1;4,23,30,-1,-1
breveacute	6,2,0,-2;6,4,13,-2;4,13,10,-2,-1;4,10,16,-1,-1
breveacute.cap	6,2,0,-2;6,4,13,-2;4,13,10,-2,-1;4,10,16,-1,-1
brevegrave	6,1,3,-2;6,4,13,-2;4,13,10,-2,-1;4,10,16,-1,-1
brevegrave.cap	6,1,3,-2;6,4,13,-2;4,13,10,-2,-1;4,10,16,-1,-1
brevehook	6,0,9,-2;6,24,25,-2;6,33,18,-2;4,9,6,-2,-1;4,6,12,-1,-1
brevehook.cap	6,16,25,-2;6,6,7,-2;6,15,0,-2;4,25,22,-2,-1;4,22,28,-1,-1
brevetilde	6,32,26,-2;6,37,21,-2;6,0,9,-2;4,9,6,-2,-1;4,6,12,-1,-1;4,21,28,-1,-1;4,32,39,-1,-1
brevetilde.cap	6,33,26,-2;6,38,21,-2;6,0,9,-2;4,9,6,-2,-1;4,6,12,-1,-1;4,21,29,-1,-1;4,33,40,-1,-1
commabelowcmb.alt	6,0,15,-2;6,9,8,-2
Bstroke	1,36,3;2,31,0;14,6,31,36,0;4,31,12,0,-1;14,11,12,6,0;4,11,8,0,-1;4,6,14,0,-1;4,36,21,0,-1;14,22,6,14,-1;4,11,32,-1,-1;4,8,35,-1,-1
bstroke	1,38,4;2,32,0;2,27,0;6,11,17,0;6,34,37,0;4,27,3,0,-1;4,37,40,-1,-1;4,34,43,-1,-1
circumflexbreve	6,3,1,0;4,3,6,-1,-1;4,1,8,-2,-1;4,8,17,0,-1
circumflexbreve.cap	6,3,1,0;4,3,6,-1,-1;4,1,8,-2,-1;4,8,15,0,-1
